# Bright-failure diagnostic: BP track, label-free model
model /home/hsr3649/projects/dem/output/experiments/input_encoding/scaled_mlp6_barrier_h232_sqrt_ff12.pt
blocks 48,960   valid pixel-targets 705,016,779

Columns: pix% share of pixels | SSE% share of total DEM squared error | MSE per bin |
relSSE error energy / reference energy | orth% of SSE orthogonal to the reference curve
(temperature placement) vs along it (scale) | EMr, pkR aggregate predicted/reference emission
and peak height | wP, wR EM-weighted logT width (dex) | shift mean logT pred-ref (dex) |
refM%, modM% multi-peaked | p50 median per-pixel SSE | top1% SSE share of the worst 1%

## Population
group                             pix%    SSE%       MSE    relSSE   orth%     EMr     pkR     wP     wR   shift   refM%   modM%       p50   top1%
--------------------------------------------------------------------------------------------------------------------------------------------------
full                            100.00   100.0      5.07     0.768       4   0.834   0.809   0.16   0.19   -0.04    13.5     6.1    0.0257    98.2
bright                           10.12    99.0      49.6     0.785       3    0.83   0.809   0.19   0.24   -0.03    23.8     5.7      3.24    97.2
quiet                            89.88     1.0    0.0587     0.248      26   0.838   0.809   0.16   0.18   -0.04    12.3     6.1    0.0162    41.0

## By intensity (max over channels of observed/threshold)
group                             pix%    SSE%       MSE    relSSE   orth%     EMr     pkR     wP     wR   shift   refM%   modM%       p50   top1%
--------------------------------------------------------------------------------------------------------------------------------------------------
<0.03x                            3.85     0.0   0.00041     0.696       7   0.823   0.706   0.14   0.14   +0.00     0.9    24.9  1.95e-05    83.1
0.03-0.1x                        10.51     0.0   0.00189     0.403      12   0.871   0.779   0.14   0.15   -0.02     3.2     9.7  0.000309    71.8
0.1-0.3x                         33.02     0.1    0.0102     0.212      21   0.872   0.823   0.15   0.17   -0.05     8.6     5.4   0.00537    48.4
0.3-1x                           42.50     1.0     0.116     0.251      26   0.831   0.807   0.17   0.20   -0.04    18.5     4.1     0.117    29.4
1-1.8x                            6.53     0.7     0.532     0.163      38   0.866   0.841   0.19   0.23   -0.03    22.5     4.5      1.48    21.0
1.8-3.2x                          2.35     0.7      1.41     0.113      49   0.893   0.863   0.20   0.25   -0.02    24.0     5.6      6.46    18.3
3.2-10x                           1.15     2.0       8.9     0.134      45   0.857   0.848   0.22   0.27   -0.03    29.8    11.5      42.7    16.2
10-32x                            0.08     4.2       277     0.511      20   0.564   0.636   0.23   0.31   -0.17    43.0    18.1  2.24e+03     8.9
>=32x                             0.01    91.4  4.72e+04     0.985       1   0.186   0.139   0.22   0.23   -0.43    18.3     5.4  8.51e+04    69.7

## Bright, by channel with the largest observed/threshold
group                             pix%    SSE%       MSE    relSSE   orth%     EMr     pkR     wP     wR   shift   refM%   modM%       p50   top1%
--------------------------------------------------------------------------------------------------------------------------------------------------
94                                1.96    86.9       225     0.933       2   0.643   0.673   0.18   0.25   -0.09    28.1     2.1      2.24    97.3
131                               1.80     9.8      27.5      0.79       4   0.855   0.844   0.23   0.29   +0.02    56.9    19.4      2.57    96.6
171                               1.73     0.2     0.508    0.0999      63   0.934   0.901   0.19   0.21   -0.02    24.0     7.2     0.646    31.3
193                               0.76     0.1     0.385    0.0612      74   0.971   0.937   0.15   0.19   +0.02     5.9     0.0     0.776    30.7
211                               1.57     0.5       1.6    0.0722      88    1.01   0.891   0.18   0.21   +0.02     5.2     0.1      4.47    32.5
335                               2.30     1.6      3.58     0.146      31   0.779    0.77   0.20   0.24   -0.05    12.8     2.5      14.1    29.0
quiet                            89.88     1.0    0.0587     0.248      26   0.838   0.809   0.16   0.18   -0.04    12.3     6.1    0.0162    41.0

## Bright, inclusive by trigger channel (overlapping)
group                             pix%    SSE%       MSE    relSSE   orth%     EMr     pkR     wP     wR   shift   refM%   modM%       p50   top1%
--------------------------------------------------------------------------------------------------------------------------------------------------
94                                5.27    98.1      94.5     0.804       3   0.818   0.812   0.20   0.24   -0.04    24.6     4.8      4.68    97.2
131                               5.10    98.2      97.5     0.808       3   0.822   0.803   0.22   0.26   -0.01    32.7     9.7       4.9    97.1
171                               4.94    95.1      97.7     0.814       3   0.837   0.822   0.20   0.24   -0.02    26.2     7.1      3.39    97.7
193                               4.93    97.3       100     0.799       3   0.849    0.83   0.19   0.23   -0.01    18.4     3.9      4.68    97.4
211                               4.92    97.4       100     0.793       3   0.853   0.827   0.20   0.23   -0.00    16.0     3.9      5.62    97.2
335                               5.22    98.6      95.7     0.798       3   0.802   0.789   0.20   0.25   -0.03    19.8     5.3      9.33    96.8

## By number of trigger channels
group                             pix%    SSE%       MSE    relSSE   orth%     EMr     pkR     wP     wR   shift   refM%   modM%       p50   top1%
--------------------------------------------------------------------------------------------------------------------------------------------------
0                                89.88     1.0    0.0587     0.248      26   0.838   0.809   0.16   0.18   -0.04    12.3     6.1    0.0162    41.0
1                                 3.42     0.5     0.686     0.291      23   0.786   0.757   0.19   0.24   -0.05    26.6     6.3      1.55    23.7
2                                 1.69     0.3     0.876     0.215      29   0.868   0.833   0.19   0.23   -0.02    21.9     5.1      1.62    39.3
3                                 1.20     0.7      2.82     0.356      14   0.861    0.83   0.19   0.23   -0.02    23.1     4.6      2.69    73.3
4                                 0.96     0.6      3.21      0.28      20   0.869   0.847   0.19   0.24   -0.01    21.1     3.2      3.72    66.0
5                                 0.90     2.3      13.1     0.497       9   0.853   0.818   0.20   0.24   -0.01    21.5     3.5      6.17    86.0
6                                 1.93    94.6       248     0.827       3   0.817   0.808   0.22   0.26   -0.02    23.5     8.0      13.5    96.9

## Top exact trigger patterns by SSE share
group                             pix%    SSE%       MSE    relSSE   orth%     EMr     pkR     wP     wR   shift   refM%   modM%       p50   top1%
--------------------------------------------------------------------------------------------------------------------------------------------------
94+131+171+193+211+335            1.93    94.6       248     0.827       3   0.817   0.808   0.22   0.26   -0.02    23.5     8.0      13.5    96.9
94+131+193+211+335                0.26     2.1      40.3     0.598       5   0.777   0.773   0.18   0.25   -0.02    14.5     0.0      12.9    84.7
94+131+335                        0.04     0.5      67.7     0.902       2   0.379   0.346   0.23   0.30   -0.15    33.2     9.4      38.9    42.1
335                               0.90     0.3      1.78     0.428      14    0.62   0.583   0.19   0.24   -0.08    14.4     2.8      12.3    14.2
94+131+211+335                    0.07     0.3      18.7     0.445      10   0.661   0.697   0.21   0.27   -0.05    16.9     0.0      30.9    50.7
94+131+193+335                    0.00     0.1       165     0.984       0   0.371   0.293   0.19   0.29   -0.07    37.9     0.0      8.91    49.1
131+171+193+211+335               0.17     0.1      2.66     0.228      52   0.933   0.829   0.22   0.26   +0.04    22.1     7.2      4.68    21.4
94+335                            0.13     0.1      3.46     0.455      12   0.584   0.629   0.20   0.23   -0.12    10.7     1.2      15.5    23.3
94+131+171+193+335                0.11     0.1      4.11     0.567      13   0.729    0.85   0.20   0.28   -0.08    45.4     5.3      6.76    72.6
94                                0.80     0.1     0.363     0.269      27   0.775   0.838   0.17   0.25   -0.11    33.5     1.4     0.851    34.8
94+131                            0.08     0.0      3.35     0.749       7   0.712   0.708   0.23   0.33   -0.08    68.0    13.9      2.69    75.9
131+193+211+335                   0.10     0.0      2.38     0.171      65   0.947   0.863   0.19   0.27   +0.05    16.9     0.0      8.13    16.8

## By DEM shape (reference x model x Bright)
group                             pix%    SSE%       MSE    relSSE   orth%     EMr     pkR     wP     wR   shift   refM%   modM%       p50   top1%
--------------------------------------------------------------------------------------------------------------------------------------------------
ref uni / model uni / Quiet      75.24     0.7    0.0476     0.203      25   0.881   0.831   0.15   0.16   -0.02     0.0     0.0    0.0117    47.9
ref uni / model uni / Bright      7.63    90.7      60.3     0.811       2   0.853   0.813   0.19   0.21   -0.01     0.0     0.0      1.95    98.1
ref uni / model multi / Quiet     3.58     0.0    0.0216     0.648      10   0.581   0.411   0.24   0.19   -0.17     0.0   100.0  1.86e-09    77.2
ref uni / model multi / Bright    0.08     1.2      75.6     0.829       5   0.546    0.45   0.27   0.28   -0.08     0.0   100.0      28.2    78.6
ref multi / model uni / Quiet     9.13     0.3     0.165     0.489      28   0.632   0.699   0.17   0.33   -0.16   100.0     0.0     0.617    18.8
ref multi / model uni / Bright    1.92     6.5      17.3     0.583      18   0.746   0.815   0.20   0.32   -0.09   100.0     0.0      9.77    88.1
ref multi / model multi / Quie    1.93     0.0    0.0563     0.296      31   0.862    0.74   0.27   0.29   -0.03   100.0   100.0     0.148    28.8
ref multi / model multi / Brig    0.49     0.5      4.75     0.314      32    0.86   0.807   0.28   0.31   -0.00   100.0   100.0      4.27    65.1

## Regression-to-mean check, by reference peak height
group                             pix%    SSE%       MSE    relSSE   orth%     EMr     pkR     wP     wR   shift   refM%   modM%    gPkR    gEMr
------------------------------------------------------------------------------------------------------------------------------------------------
<=0                               7.00     0.0  8.48e-07         -     100       -       -      -      -       -     0.0    41.2       -       -
<0.001                            0.32     0.0  4.36e-06      96.1      62    4.46    4.81   0.16   0.14   +0.07     0.0     8.4    1.01   0.962
0.001 to 0.0032                   0.64     0.0  5.69e-06      8.67      62    1.66    1.76   0.15   0.14   +0.05     0.1     4.7   0.463    0.45
0.0032 to 0.01                    1.87     0.0  9.73e-06      1.47      60    1.11    1.18   0.15   0.15   +0.03     1.0     3.1   0.554   0.544
0.01 to 0.032                     3.95     0.0  2.38e-05     0.389      48   0.959   0.991   0.15   0.16   +0.00     4.2     2.2   0.697   0.697
0.032 to 0.1                      6.42     0.0  0.000133     0.231      37   0.895   0.899   0.15   0.17   -0.02     8.0     2.3   0.669   0.693
0.1 to 0.32                      10.14     0.0   0.00126     0.212      28   0.837    0.84   0.15   0.17   -0.06    10.9     3.1   0.588   0.605
0.32 to 1                        29.95     0.1   0.00907     0.129      41   0.882   0.901   0.16   0.19   -0.04    14.7     4.0   0.773   0.768
1 to 3.2                         28.08     0.5    0.0918     0.195      34   0.831   0.833   0.17   0.20   -0.05    18.7     3.4   0.747   0.763
3.2 to 10                         9.53     1.3     0.666      0.17      35   0.849   0.797   0.18   0.22   -0.03    17.3     2.9   0.691    0.76
10 to 32                          1.90     2.0      5.24     0.144      43   0.874   0.824   0.21   0.25   -0.00    16.5     5.3   0.766   0.854
32 to 1e+02                       0.20     3.7      94.3     0.311      29    0.74   0.763   0.22   0.28   -0.06    20.5     4.5   0.719   0.737
1e+02 to 3.2e+02                  0.01     7.0  3.12e+03     0.866       7   0.281   0.252   0.21   0.24   -0.38    17.7     5.3   0.174   0.201
3.2e+02 to 1e+03                  0.00    12.5  2.71e+04     0.969       2   0.147  0.0986   0.21   0.18   -0.48    10.3     3.3  0.0716    0.11
1e+03 to 3.2e+03                  0.00    16.0  2.33e+05     0.986       1   0.107  0.0599   0.20   0.16   -0.53    10.2     1.3  0.0436  0.0806
>=3.2e+03                         0.00    57.0  7.58e+06     0.999       0  0.0376  0.0237   0.17   0.16   -0.59     4.1     0.7  0.0245  0.0416

## Worst per-pixel SSE tail (bin-edge approximate)
group                             pix%    SSE%       MSE    relSSE   orth%     EMr     pkR     wP     wR   shift   refM%   modM%  bright%
-----------------------------------------------------------------------------------------------------------------------------------------
worst_0.1pct_approx               0.16    96.6  3.16e+03      0.94       2   0.447   0.434   0.23   0.30   -0.19    29.1    10.6    100.0
worst_1pct_approx                 1.28    98.4       391     0.877       3    0.64   0.593   0.21   0.28   -0.09    29.9     7.7     86.8
remainder                        98.72     1.6    0.0831    0.0893      44   0.872   0.852   0.16   0.19   -0.04    13.3     6.1      9.1
  worst_0.1pct_approx: pixel SSE >= 562; dominant channel of Bright part: 94:57%, 131:10%, 171:1%, 193:0%, 211:6%, 335:25%
  worst_1pct_approx: pixel SSE >= 56.2; dominant channel of Bright part: 94:21%, 131:13%, 171:5%, 193:2%, 211:14%, 335:46%

## Solver scatter (repeated AIA inputs)
groups by number of targets: {'1': 17445, '2': 10338, '3': 3028, '4': 415, '5': 19}; evicted: 29946

## Solver scatter, population
group                             pix%   modelMSE  scatterMSE    biasMSE  scatter%  biasOrth%     check
-------------------------------------------------------------------------------------------------------
full                            100.00       7.14       0.035        7.1       0.5          2   6.4e-16
bright                           10.38       68.3       0.225       68.1       0.3          2   4.8e-16
quiet                            89.62     0.0547       0.013     0.0417      23.8         29   4.5e-16

## Solver scatter, by intensity over threshold
group                             pix%   modelMSE  scatterMSE    biasMSE  scatter%  biasOrth%     check
-------------------------------------------------------------------------------------------------------
<0.03x                            3.98   0.000356     0.00014   0.000215      39.4         10   3.8e-16
0.03-0.1x                        10.85    0.00156     0.00055    0.00101      35.3         17   1.0e-16
0.1-0.3x                         33.13    0.00965     0.00367    0.00598      38.0         27   8.7e-17
0.3-1x                           41.66       0.11      0.0249     0.0846      22.7         29   1.9e-16
1-1.8x                            6.59       0.49      0.0829      0.407      16.9         40   8.2e-16
1.8-3.2x                          2.45       1.33        0.18       1.15      13.6         50   1.4e-16
3.2-10x                           1.24       8.85       0.497       8.36       5.6         45   4.8e-16
10-32x                            0.08        278        2.75        275       1.0         20   1.5e-16
>=32x                             0.01   6.32e+04        47.1   6.31e+04       0.1          1   0.0e+00

Signed DEM error by logT bin (pred - ref, mean per pixel):
  bright -0.46 -0.40 -0.25 -0.02 +0.04 +0.07 +0.22 +0.20 -0.41 -0.09 -0.47 -0.69 -0.77 -0.84 -0.70 -0.41 -0.22 -0.11
  quiet  -0.04 -0.03 -0.02 -0.01 -0.00 +0.01 +0.03 +0.02 -0.04 -0.04 -0.09 -0.11 -0.07 -0.04 -0.03 -0.02 -0.02 -0.02
  logT    5.50  5.60  5.70  5.80  5.90  6.00  6.10  6.20  6.30  6.40  6.50  6.60  6.70  6.80  6.90  7.00  7.10  7.20
