# Bright-failure diagnostic: BP track, label-free model
model /home/hsr3649/projects/dem/output/experiments/followup/scaled_mlp6_barrier_h336_sqrt_ff12_resample_bg1_mu100.pt
blocks 48,960   valid pixel-targets 705,016,779

Columns: pix% share of pixels | SSE% share of total DEM squared error | MSE per bin |
relSSE error energy / reference energy | orth% of SSE orthogonal to the reference curve
(temperature placement) vs along it (scale) | EMr, pkR aggregate predicted/reference emission
and peak height | wP, wR EM-weighted logT width (dex) | shift mean logT pred-ref (dex) |
refM%, modM% multi-peaked | p50 median per-pixel SSE | top1% SSE share of the worst 1%

## Population
group                             pix%    SSE%       MSE    relSSE   orth%     EMr     pkR     wP     wR   shift   refM%   modM%       p50   top1%
--------------------------------------------------------------------------------------------------------------------------------------------------
full                            100.00   100.0       2.5     0.379      15   0.988   0.994   0.21   0.19   +0.01    13.5    14.3    0.0708    97.9
bright                           10.12    98.7      24.4     0.386      15   0.997   0.986   0.25   0.24   +0.00    23.8    21.1      2.34    97.7
quiet                            89.88     1.3    0.0375     0.159      59   0.978       1   0.20   0.18   +0.01    12.3    13.5     0.049    36.2

## By intensity (max over channels of observed/threshold)
group                             pix%    SSE%       MSE    relSSE   orth%     EMr     pkR     wP     wR   shift   refM%   modM%       p50   top1%
--------------------------------------------------------------------------------------------------------------------------------------------------
<0.03x                            3.85     0.0  0.000568     0.964      58   0.985    1.22   0.17   0.14   +0.07     0.9     8.5  6.46e-05    80.9
0.03-0.1x                        10.51     0.0    0.0019     0.407      57   0.945    1.05   0.17   0.15   +0.02     3.2     5.6  0.000851    66.4
0.1-0.3x                         33.02     0.1    0.0101     0.208      47    0.95       1   0.20   0.17   +0.02     8.6    11.3    0.0186    39.2
0.3-1x                           42.50     1.2    0.0709     0.154      61   0.984       1   0.22   0.20   +0.01    18.5    17.6     0.204    28.6
1-1.8x                            6.53     0.8     0.302    0.0926      72   0.993    1.01   0.24   0.23   +0.00    22.5    19.6      1.23    25.5
1.8-3.2x                          2.35     0.7     0.703    0.0565      75   0.996    1.01   0.26   0.25   +0.00    24.0    21.2      4.07    20.8
3.2-10x                           1.15     1.2      2.62    0.0396      80    1.01       1   0.28   0.27   -0.00    29.8    28.0      19.5    15.0
10-32x                            0.08     1.5      48.5    0.0895      61    1.03   0.939   0.33   0.31   +0.01    43.0    41.9       324    22.0
>=32x                             0.01    94.5  2.41e+04     0.503      12   0.881   0.546   0.26   0.23   -0.01    18.3    24.5  1.55e+04    79.7

## Bright, by channel with the largest observed/threshold
group                             pix%    SSE%       MSE    relSSE   orth%     EMr     pkR     wP     wR   shift   refM%   modM%       p50   top1%
--------------------------------------------------------------------------------------------------------------------------------------------------
94                                1.96    88.9       114     0.471      14   0.983   0.899   0.26   0.25   -0.01    28.1    19.9      1.95    99.1
131                               1.80     7.9      10.9     0.314      12    1.03       1   0.34   0.29   +0.02    56.9    54.9      1.48    96.0
171                               1.73     0.2      0.32    0.0631      78   0.994    1.01   0.22   0.21   +0.00    24.0    22.9      1.07    26.1
193                               0.76     0.1     0.218    0.0347      78    1.01    1.01   0.20   0.19   +0.01     5.9     5.0     0.813    34.1
211                               1.57     0.6      1.02     0.046      81   0.943    1.04   0.21   0.21   -0.01     5.2     3.0      5.89    21.5
335                               2.30     0.9      1.03    0.0419      74    1.03   0.984   0.25   0.24   +0.01    12.8    12.0      4.47    23.6
quiet                            89.88     1.3    0.0375     0.159      59   0.978       1   0.20   0.18   +0.01    12.3    13.5     0.049    36.2

## Bright, inclusive by trigger channel (overlapping)
group                             pix%    SSE%       MSE    relSSE   orth%     EMr     pkR     wP     wR   shift   refM%   modM%       p50   top1%
--------------------------------------------------------------------------------------------------------------------------------------------------
94                                5.27    97.8      46.5     0.395      14   0.993   0.974   0.25   0.24   -0.01    24.6    20.4      3.39    98.2
131                               5.10    97.8        48     0.398      14       1   0.969   0.29   0.26   +0.01    32.7    30.5      3.39    98.1
171                               4.94    95.6      48.5     0.404      14   0.997   0.976   0.25   0.24   +0.00    26.2    23.6      2.57    98.4
193                               4.93    97.3      49.4     0.395      14   0.993    0.98   0.24   0.23   -0.00    18.4    16.1      3.55    98.2
211                               4.92    97.4      49.5     0.391      14   0.989   0.983   0.24   0.23   -0.00    16.0    13.7       4.9    98.0
335                               5.22    98.1        47     0.392      15       1   0.976   0.25   0.25   +0.00    19.8    17.4       4.9    97.8

## By number of trigger channels
group                             pix%    SSE%       MSE    relSSE   orth%     EMr     pkR     wP     wR   shift   refM%   modM%       p50   top1%
--------------------------------------------------------------------------------------------------------------------------------------------------
0                                89.88     1.3    0.0375     0.159      59   0.978       1   0.20   0.18   +0.01    12.3    13.5     0.049    36.2
1                                 3.42     0.5     0.383     0.162      69    1.01    1.03   0.25   0.24   +0.01    26.6    24.0      1.17    33.2
2                                 1.69     0.3     0.382    0.0937      63   0.995   0.996   0.24   0.23   -0.00    21.9    19.0      1.35    34.9
3                                 1.20     0.5      1.09     0.137      45   0.993   0.991   0.25   0.23   -0.00    23.1    19.8      1.95    68.3
4                                 0.96     0.5      1.21     0.106      47   0.992   0.998   0.24   0.24   -0.00    21.1    18.5      2.69    62.2
5                                 0.90     1.7      4.77     0.181      33    0.99   0.979   0.25   0.24   -0.00    21.5    18.8      4.07    84.8
6                                 1.93    95.2       123     0.411      14   0.996   0.967   0.27   0.26   -0.00    23.5    20.9      9.33    98.4

## Top exact trigger patterns by SSE share
group                             pix%    SSE%       MSE    relSSE   orth%     EMr     pkR     wP     wR   shift   refM%   modM%       p50   top1%
--------------------------------------------------------------------------------------------------------------------------------------------------
94+131+171+193+211+335            1.93    95.2       123     0.411      14   0.996   0.967   0.27   0.26   -0.00    23.5    20.9      9.33    98.4
94+131+193+211+335                0.26     1.5      14.3     0.212      28   0.987   0.949   0.26   0.25   -0.01    14.5    10.4      9.33    90.6
94+131+335                        0.04     0.3      23.4     0.311      29    1.02   0.818   0.31   0.30   +0.01    33.2    32.4      7.76    63.8
335                               0.90     0.3     0.731     0.176      68    1.06    1.04   0.24   0.24   +0.02    14.4    12.6      2.82    21.4
94+131+193+335                    0.00     0.1        84       0.5      17   0.914   0.564   0.31   0.29   +0.01    37.9    41.8      2.34    60.1
94+131+211+335                    0.07     0.1      4.48     0.106      44    1.04   0.953   0.28   0.27   +0.01    16.9    15.4      11.2    67.5
94                                0.80     0.1     0.339     0.252      67   0.949   0.981   0.25   0.25   -0.02    33.5    22.2     0.933    51.8
131+171+193+211+335               0.17     0.1      1.33     0.114      62   0.986   0.967   0.26   0.26   +0.01    22.1    17.3      4.27    22.0
131                               0.67     0.1     0.267      0.26      69    1.06    1.02   0.36   0.29   +0.04    57.0    60.7     0.776    27.8
94+131+171+193+335                0.11     0.1      1.53     0.212      35    1.02   0.967   0.30   0.28   -0.00    45.4    40.1      2.45    81.2
211+335                           0.24     0.1     0.532    0.0643      77   0.986   0.976   0.21   0.21   -0.00     3.0     0.8      3.89    15.3
193+211+335                       0.21     0.0      0.58    0.0616      76   0.966    1.01   0.20   0.20   -0.01     3.2     0.6      2.95    15.9

## By DEM shape (reference x model x Bright)
group                             pix%    SSE%       MSE    relSSE   orth%     EMr     pkR     wP     wR   shift   refM%   modM%       p50   top1%
--------------------------------------------------------------------------------------------------------------------------------------------------
ref uni / model uni / Quiet      73.03     0.9    0.0294     0.129      61   0.992       1   0.18   0.16   +0.02     0.0     0.0    0.0339    41.2
ref uni / model uni / Bright      7.17    92.4      32.3     0.419      13   0.996   0.983   0.22   0.21   +0.00     0.0     0.0      1.78    98.5
ref uni / model multi / Quiet     5.79     0.2    0.0736     0.395      60    1.06    1.04   0.31   0.20   +0.10     0.0   100.0     0.112    33.3
ref uni / model multi / Bright    0.54     2.2        10     0.234      30    1.03   0.971   0.31   0.24   +0.06     0.0   100.0      5.13    90.7
ref multi / model uni / Quiet     4.73     0.1    0.0789     0.267      56   0.833   0.961   0.24   0.33   -0.09   100.0     0.0     0.355    20.3
ref multi / model uni / Bright    0.81     1.3      4.13     0.163      49    0.97    1.02   0.28   0.31   -0.05   100.0     0.0      4.47    82.1
ref multi / model multi / Quie    6.33     0.2    0.0664     0.205      55   0.947   0.988   0.33   0.32   +0.02   100.0   100.0     0.282    20.1
ref multi / model multi / Brig    1.60     2.7      4.26     0.156      48       1   0.991   0.35   0.32   +0.00   100.0   100.0      3.39    83.6

## Regression-to-mean check, by reference peak height
group                             pix%    SSE%       MSE    relSSE   orth%     EMr     pkR     wP     wR   shift   refM%   modM%    gPkR    gEMr
------------------------------------------------------------------------------------------------------------------------------------------------
<=0                               7.00     0.0    0.0112         -     100       -       -      -      -       -     0.0    14.3       -       -
<0.001                            0.32     0.0   0.00227  5.01e+04      99    41.4      64   0.27   0.14   +0.21     0.0    19.0     7.4    4.99
0.001 to 0.0032                   0.64     0.0   0.00232  3.54e+03      99    10.9    16.3   0.25   0.14   +0.19     0.1    16.2    2.39    1.67
0.0032 to 0.01                    1.87     0.0   0.00282       426      98    4.21    6.08   0.22   0.15   +0.16     1.0    12.5    1.67    1.23
0.01 to 0.032                     3.95     0.0   0.00386      63.1      95    2.23    2.88   0.20   0.16   +0.11     4.2     9.3    1.34    1.14
0.032 to 0.1                      6.42     0.0   0.00618      10.8      92    1.48     1.7   0.19   0.17   +0.05     8.0     8.8    1.08    1.02
0.1 to 0.32                      10.14     0.0   0.00959      1.62      84    1.13    1.24   0.19   0.17   +0.01    10.9    11.2   0.934   0.893
0.32 to 1                        29.95     0.2    0.0178     0.254      78    1.04    1.05   0.20   0.19   +0.00    14.7    14.4   0.958   0.963
1 to 3.2                         28.08     0.8    0.0704      0.15      69   0.974    1.01   0.21   0.20   -0.01    18.7    16.6    0.96   0.941
3.2 to 10                         9.53     1.2      0.32    0.0817      64   0.964   0.976   0.23   0.22   -0.00    17.3    15.4    0.94   0.946
10 to 32                          1.90     1.3      1.73    0.0475      73   0.989   0.986   0.25   0.25   +0.00    16.5    15.4   0.967   0.981
32 to 1e+02                       0.20     1.3      15.7    0.0518      77    1.02   0.978   0.30   0.28   +0.00    20.5    22.0    0.97    1.01
1e+02 to 3.2e+02                  0.01     2.9       634     0.176      43    0.96   0.709   0.26   0.24   -0.00    17.7    24.8   0.675   0.934
3.2e+02 to 1e+03                  0.00     8.7  9.32e+03     0.333      27   0.846   0.486   0.24   0.18   -0.02    10.3    13.2   0.449   0.815
1e+03 to 3.2e+03                  0.00    14.3  1.03e+05     0.435      21   0.785   0.396   0.24   0.16   -0.02    10.2    10.5   0.348   0.759
>=3.2e+03                         0.00    69.2  4.54e+06     0.599       8   0.569   0.324   0.23   0.16   -0.00     4.1     5.6   0.328   0.646

## Worst per-pixel SSE tail (bin-edge approximate)
group                             pix%    SSE%       MSE    relSSE   orth%     EMr     pkR     wP     wR   shift   refM%   modM%  bright%
-----------------------------------------------------------------------------------------------------------------------------------------
worst_0.1pct_approx               0.14    96.6   1.7e+03      0.47      13   0.985   0.795   0.30   0.29   +0.04    29.8    28.8     99.3
worst_1pct_approx                 1.04    97.9       235     0.436      14   0.989   0.916   0.29   0.28   +0.03    26.6    26.8     86.4
remainder                        98.96     2.1     0.053    0.0535      70   0.987    1.01   0.21   0.19   +0.01    13.3    14.1      9.3
  worst_0.1pct_approx: pixel SSE >= 178; dominant channel of Bright part: 94:47%, 131:13%, 171:2%, 193:1%, 211:14%, 335:23%
  worst_1pct_approx: pixel SSE >= 31.6; dominant channel of Bright part: 94:22%, 131:14%, 171:7%, 193:2%, 211:23%, 335:33%

## Solver scatter (repeated AIA inputs)
groups by number of targets: {'1': 17445, '2': 10338, '3': 3028, '4': 415, '5': 19}; evicted: 29946

## Solver scatter, population
group                             pix%   modelMSE  scatterMSE    biasMSE  scatter%  biasOrth%     check
-------------------------------------------------------------------------------------------------------
full                            100.00       3.71       0.035       3.67       0.9         12   1.7e-15
bright                           10.38       35.4       0.225       35.2       0.6         11   1.7e-15
quiet                            89.62     0.0339       0.013     0.0209      38.4         67   4.4e-16

## Solver scatter, by intensity over threshold
group                             pix%   modelMSE  scatterMSE    biasMSE  scatter%  biasOrth%     check
-------------------------------------------------------------------------------------------------------
<0.03x                            3.98   0.000514     0.00014   0.000374      27.3         61   1.1e-16
0.03-0.1x                        10.85    0.00163     0.00055    0.00108      33.8         59   2.0e-16
0.1-0.3x                         33.13    0.00952     0.00367    0.00585      38.5         56   8.8e-17
0.3-1x                           41.66     0.0649      0.0249       0.04      38.4         69   9.0e-16
1-1.8x                            6.59      0.273      0.0829       0.19      30.4         76   6.2e-16
1.8-3.2x                          2.45      0.655        0.18      0.474      27.6         79   0.0e+00
3.2-10x                           1.24       2.57       0.497       2.07      19.4         83   4.2e-16
10-32x                            0.08       49.5        2.75       46.7       5.6         59   1.1e-16
>=32x                             0.01   3.37e+04        47.1   3.37e+04       0.1         10   4.8e-16

Signed DEM error by logT bin (pred - ref, mean per pixel):
  bright +0.10 +0.10 -0.04 -0.08 +0.06 +0.02 -0.03 -0.10 +0.21 -0.22 -0.09 +0.10 +0.08 -0.20 -0.23 +0.03 +0.11 +0.07
  quiet  -0.01 -0.00 -0.00 -0.00 +0.01 +0.00 -0.02 -0.01 +0.04 -0.02 -0.02 -0.01 -0.01 -0.01 -0.01 -0.00 -0.00 +0.01
  logT    5.50  5.60  5.70  5.80  5.90  6.00  6.10  6.20  6.30  6.40  6.50  6.60  6.70  6.80  6.90  7.00  7.10  7.20
