# Bright-failure diagnostic: BP track, label-free model
model /home/hsr3649/projects/dem/output/experiments/followup/scaled_mlp6_barrier_h336_sqrt_ff12_resample_mu100_noclip.pt
blocks 48,960   valid pixel-targets 705,016,779

Columns: pix% share of pixels | SSE% share of total DEM squared error | MSE per bin |
relSSE error energy / reference energy | orth% of SSE orthogonal to the reference curve
(temperature placement) vs along it (scale) | EMr, pkR aggregate predicted/reference emission
and peak height | wP, wR EM-weighted logT width (dex) | shift mean logT pred-ref (dex) |
refM%, modM% multi-peaked | p50 median per-pixel SSE | top1% SSE share of the worst 1%

## Population
group                             pix%    SSE%       MSE    relSSE   orth%     EMr     pkR     wP     wR   shift   refM%   modM%       p50   top1%
--------------------------------------------------------------------------------------------------------------------------------------------------
full                            100.00   100.0       3.2     0.484      20   0.954     1.1   0.24   0.19   +0.01    13.5    22.7      0.17    96.1
bright                           10.12    98.3      31.1     0.491      19   0.942     1.1   0.26   0.24   -0.06    23.8    34.4      8.13    94.7
quiet                            89.88     1.7    0.0604     0.256      64   0.966     1.1   0.24   0.18   +0.02    12.3    21.3     0.123    32.2

## By intensity (max over channels of observed/threshold)
group                             pix%    SSE%       MSE    relSSE   orth%     EMr     pkR     wP     wR   shift   refM%   modM%       p50   top1%
--------------------------------------------------------------------------------------------------------------------------------------------------
<0.03x                            3.85     0.0  0.000429     0.727      37    1.37    1.27   0.28   0.14   +0.19     0.9    23.0  0.000389    66.1
0.03-0.1x                        10.51     0.0   0.00181     0.388      51    1.05    1.16   0.25   0.15   +0.09     3.2    18.0   0.00269    48.6
0.1-0.3x                         33.02     0.1    0.0129     0.267      56   0.978    1.11   0.23   0.17   +0.04     8.6    17.0    0.0447    28.4
0.3-1x                           42.50     1.6     0.117     0.254      65   0.962    1.09   0.24   0.20   -0.02    18.5    25.3      0.49    23.8
1-1.8x                            6.53     1.3     0.649     0.199      76   0.935    1.12   0.25   0.23   -0.06    22.5    30.9      4.47    14.7
1.8-3.2x                          2.35     1.4      1.89     0.152      82   0.933    1.13   0.27   0.25   -0.07    24.0    35.7        17    11.1
3.2-10x                           1.15     3.4      9.31     0.141      86    0.97    1.13   0.29   0.27   -0.07    29.8    48.4      77.6    14.9
10-32x                            0.08     3.9       161     0.296      66   0.982    1.07   0.36   0.31   -0.03    43.0    72.7  1.35e+03     9.7
>=32x                             0.01    88.4  2.87e+04       0.6      13   0.759   0.491   0.31   0.23   -0.05    18.3    89.9  4.07e+04    73.8

## Bright, by channel with the largest observed/threshold
group                             pix%    SSE%       MSE    relSSE   orth%     EMr     pkR     wP     wR   shift   refM%   modM%       p50   top1%
--------------------------------------------------------------------------------------------------------------------------------------------------
94                                1.96    87.8       143     0.594      16   0.889       1   0.25   0.25   -0.12    28.1    27.3      5.62    96.7
131                               1.80     6.4      11.3     0.324      22    1.01    1.08   0.35   0.29   -0.02    56.9    75.6      5.37    90.7
171                               1.73     0.4     0.727     0.143      85   0.984     1.1   0.22   0.21   -0.04    24.0    30.6      3.72    18.1
193                               0.76     0.1     0.455    0.0722      85   0.982    1.09   0.22   0.19   -0.04     5.9    14.9      3.89    18.8
211                               1.57     1.4      2.94     0.133      85   0.859    1.15   0.23   0.21   -0.08     5.2    13.8      28.2    13.0
335                               2.30     2.2       3.1     0.127      84   0.981    1.14   0.26   0.24   -0.05    12.8    31.5      14.8    27.5
quiet                            89.88     1.7    0.0604     0.256      64   0.966     1.1   0.24   0.18   +0.02    12.3    21.3     0.123    32.2

## Bright, inclusive by trigger channel (overlapping)
group                             pix%    SSE%       MSE    relSSE   orth%     EMr     pkR     wP     wR   shift   refM%   modM%       p50   top1%
--------------------------------------------------------------------------------------------------------------------------------------------------
94                                5.27    97.0      58.9     0.501      19   0.938    1.09   0.26   0.24   -0.08    24.6    32.2      13.5    95.0
131                               5.10    96.8      60.7     0.503      19   0.956    1.08   0.30   0.26   -0.06    32.7    51.3      13.5    95.1
171                               4.94    93.7      60.7     0.506      18   0.959    1.08   0.26   0.24   -0.06    26.2    37.2      10.2    96.0
193                               4.93    96.1      62.3     0.498      18   0.944    1.09   0.25   0.23   -0.06    18.4    31.8      15.5    95.3
211                               4.92    96.5      62.7     0.495      19   0.934     1.1   0.26   0.23   -0.07    16.0    30.2      20.4    94.9
335                               5.22    97.5      59.6     0.498      19   0.944     1.1   0.27   0.25   -0.07    19.8    37.0      19.5    94.5

## By number of trigger channels
group                             pix%    SSE%       MSE    relSSE   orth%     EMr     pkR     wP     wR   shift   refM%   modM%       p50   top1%
--------------------------------------------------------------------------------------------------------------------------------------------------
0                                89.88     1.7    0.0604     0.256      64   0.966     1.1   0.24   0.18   +0.02    12.3    21.3     0.123    32.2
1                                 3.42     0.7     0.684      0.29      71   0.937    1.15   0.26   0.24   -0.04    26.6    32.2      3.55    21.5
2                                 1.69     0.5     0.928     0.227      70   0.937    1.11   0.25   0.23   -0.06    21.9    31.2      5.13    30.6
3                                 1.20     0.8      2.08     0.262      56   0.929     1.1   0.25   0.23   -0.07    23.1    31.4      7.41    56.1
4                                 0.96     0.9      2.83     0.248      63   0.927    1.12   0.25   0.24   -0.07    21.1    32.6      10.2    51.3
5                                 0.90     2.5      8.82     0.335      42   0.928    1.09   0.26   0.24   -0.07    21.5    37.6      16.2    75.4
6                                 1.93    93.0       154     0.512      17   0.954    1.07   0.28   0.26   -0.07    23.5    42.1      44.7    95.3

## Top exact trigger patterns by SSE share
group                             pix%    SSE%       MSE    relSSE   orth%     EMr     pkR     wP     wR   shift   refM%   modM%       p50   top1%
--------------------------------------------------------------------------------------------------------------------------------------------------
94+131+171+193+211+335            1.93    93.0       154     0.512      17   0.954    1.07   0.28   0.26   -0.07    23.5    42.1      44.7    95.3
94+131+193+211+335                0.26     2.1      26.1     0.387      38   0.898    1.09   0.28   0.25   -0.10    14.5    51.3      42.7    74.9
94+131+335                        0.04     0.4        37     0.493      37   0.904   0.957   0.34   0.30   -0.08    33.2    77.4      30.9    42.3
335                               0.90     0.4      1.38     0.332      73   0.964    1.22   0.25   0.24   -0.03    14.4    25.5      7.76    16.1
94+131+211+335                    0.07     0.4      15.7     0.373      66   0.948    1.22   0.30   0.27   -0.08    16.9    50.5      44.7    36.4
94+335                            0.13     0.1      3.34     0.438      72   0.902    1.27   0.25   0.23   -0.08    10.7    20.0      11.7    26.6
94+131+193+335                    0.00     0.1      92.7     0.551      15   0.838   0.561   0.33   0.29   -0.10    37.9    75.6      7.08    54.3
131+171+193+211+335               0.17     0.1      2.35     0.201      66   0.954    1.04   0.28   0.26   -0.04    22.1    42.3      15.5    18.4
94+193+211+335                    0.22     0.1      1.79     0.137      81    0.88    1.14   0.22   0.19   -0.08     2.5     4.7        17    11.4
211                               0.31     0.1      1.13     0.221      83   0.799     1.2   0.21   0.20   -0.08     4.2     7.3      14.8     4.8
94                                0.80     0.1     0.422     0.313      48   0.826    1.05   0.23   0.25   -0.13    33.5    17.2      2.04    28.0
94+131+171+193+335                0.11     0.1      2.63     0.363      48   0.998    1.08   0.30   0.28   -0.11    45.4    65.7      10.2    61.5

## By DEM shape (reference x model x Bright)
group                             pix%    SSE%       MSE    relSSE   orth%     EMr     pkR     wP     wR   shift   refM%   modM%       p50   top1%
--------------------------------------------------------------------------------------------------------------------------------------------------
ref uni / model uni / Quiet      66.52     1.0    0.0473     0.206      68   0.977    1.11   0.21   0.16   +0.01     0.0     0.0    0.0933    33.2
ref uni / model uni / Bright      5.98    47.3      25.3     0.478      16   0.943    1.14   0.23   0.20   -0.05     0.0     0.0      6.76    94.7
ref uni / model multi / Quiet    12.30     0.3    0.0795     0.391      53    1.05    1.03   0.33   0.19   +0.11     0.0   100.0    0.0977    39.6
ref uni / model multi / Bright    1.73    44.8      82.8     0.554      19   0.946    0.98   0.31   0.25   -0.04     0.0   100.0      10.7    96.1
ref multi / model uni / Quiet     4.18     0.1     0.102     0.361      59   0.798    1.05   0.25   0.33   -0.11   100.0     0.0     0.537    18.8
ref multi / model uni / Bright    0.66     0.6      2.94     0.239      73   0.877     1.1   0.25   0.31   -0.16   100.0     0.0      8.51    59.0
ref multi / model multi / Quie    6.88     0.3     0.127     0.387      65   0.925    1.12   0.34   0.32   -0.01   100.0   100.0     0.589    21.1
ref multi / model multi / Brig    1.75     5.5      10.1     0.316      48   0.952     1.1   0.34   0.32   -0.07   100.0   100.0      10.7    80.0

## Regression-to-mean check, by reference peak height
group                             pix%    SSE%       MSE    relSSE   orth%     EMr     pkR     wP     wR   shift   refM%   modM%    gPkR    gEMr
------------------------------------------------------------------------------------------------------------------------------------------------
<=0                               7.00     0.0  0.000683         -     100       -       -      -      -       -     0.0    35.9       -       -
<0.001                            0.32     0.0   0.00155  3.42e+04      99    55.9    72.2   0.32   0.14   +0.38     0.0    45.1    23.4    23.1
0.001 to 0.0032                   0.64     0.0   0.00171  2.61e+03      99      15    18.9   0.32   0.14   +0.35     0.1    43.6    5.85    5.76
0.0032 to 0.01                    1.87     0.0   0.00192       290      99    5.72    7.04   0.32   0.15   +0.30     1.0    38.1    2.88    2.73
0.01 to 0.032                     3.95     0.0   0.00255      41.7      97    2.75    3.21   0.30   0.16   +0.20     4.2    25.7    1.76    1.68
0.032 to 0.1                      6.42     0.0   0.00395      6.89      93    1.71     1.9   0.26   0.17   +0.12     8.0    15.1    1.32     1.3
0.1 to 0.32                      10.14     0.0   0.00777      1.31      86    1.23    1.38   0.24   0.17   +0.04    10.9    15.1    1.08    1.01
0.32 to 1                        29.95     0.2     0.022     0.313      84    1.07    1.15   0.23   0.19   -0.01    14.7    20.0    1.05   0.999
1 to 3.2                         28.08     0.9     0.104     0.222      74   0.953     1.1   0.23   0.20   -0.04    18.7    22.5    1.04   0.925
3.2 to 10                         9.53     2.3     0.759     0.194      73     0.9    1.09   0.24   0.22   -0.05    17.3    25.8    1.04   0.879
10 to 32                          1.90     3.4      5.78     0.159      81   0.931    1.11   0.27   0.25   -0.06    16.5    32.6    1.07    0.91
32 to 1e+02                       0.20     3.8        61     0.201      77   0.991    1.11   0.31   0.28   -0.04    20.5    49.0    1.08   0.984
1e+02 to 3.2e+02                  0.01     5.3  1.48e+03     0.411      42    0.84   0.671   0.31   0.24   -0.05    17.7    80.6   0.636   0.819
3.2e+02 to 1e+03                  0.00    10.5  1.44e+04     0.515      24   0.727   0.416   0.29   0.18   -0.04    10.3    88.5   0.389   0.696
1e+03 to 3.2e+03                  0.00    14.1  1.29e+05     0.548      18   0.691   0.338   0.28   0.16   -0.03    10.2    80.3   0.303   0.669
>=3.2e+03                         0.00    59.4  4.98e+06     0.656       8   0.508   0.278   0.25   0.16   +0.01     4.1    54.6   0.279   0.573

## Worst per-pixel SSE tail (bin-edge approximate)
group                             pix%    SSE%       MSE    relSSE   orth%     EMr     pkR     wP     wR   shift   refM%   modM%  bright%
-----------------------------------------------------------------------------------------------------------------------------------------
worst_0.1pct_approx               0.13    93.4  2.31e+03     0.578      16   0.906   0.905   0.32   0.29   -0.05    26.0    56.6    100.0
worst_1pct_approx                 1.53    96.7       203     0.527      18   0.911    1.06   0.29   0.27   -0.06    24.2    42.8     93.0
remainder                        98.47     3.3     0.106     0.141      78   0.965    1.11   0.24   0.19   +0.01    13.3    22.3      8.8
  worst_0.1pct_approx: pixel SSE >= 562; dominant channel of Bright part: 94:66%, 131:8%, 171:0%, 193:0%, 211:4%, 335:22%
  worst_1pct_approx: pixel SSE >= 56.2; dominant channel of Bright part: 94:19%, 131:12%, 171:6%, 193:1%, 211:30%, 335:32%

## Solver scatter (repeated AIA inputs)
groups by number of targets: {'1': 17445, '2': 10338, '3': 3028, '4': 415, '5': 19}; evicted: 29946

## Solver scatter, population
group                             pix%   modelMSE  scatterMSE    biasMSE  scatter%  biasOrth%     check
-------------------------------------------------------------------------------------------------------
full                            100.00       4.57       0.035       4.54       0.8         16   9.9e-16
bright                           10.38       43.6       0.225       43.4       0.5         16   1.1e-15
quiet                            89.62     0.0575       0.013     0.0445      22.6         75   2.6e-16

## Solver scatter, by intensity over threshold
group                             pix%   modelMSE  scatterMSE    biasMSE  scatter%  biasOrth%     check
-------------------------------------------------------------------------------------------------------
<0.03x                            3.98   0.000397     0.00014   0.000257      35.4         49   2.7e-16
0.03-0.1x                        10.85    0.00166     0.00055     0.0011      33.3         61   5.8e-16
0.1-0.3x                         33.13     0.0125     0.00367    0.00882      29.4         69   2.7e-16
0.3-1x                           41.66      0.113      0.0249     0.0884      22.0         75   3.8e-16
1-1.8x                            6.59      0.633      0.0829       0.55      13.1         82   1.4e-15
1.8-3.2x                          2.45       1.85        0.18       1.67       9.7         85   0.0e+00
3.2-10x                           1.24       9.28       0.497       8.79       5.4         88   0.0e+00
10-32x                            0.08        163        2.75        160       1.7         66   1.3e-16
>=32x                             0.01   3.96e+04        47.1   3.95e+04       0.1         11   8.1e-16

Signed DEM error by logT bin (pred - ref, mean per pixel):
  bright +0.51 +0.79 +0.24 -0.17 -0.12 +0.10 -0.10 -0.37 +0.46 -0.29 -0.22 -0.94 -0.80 -0.57 -0.37 -0.05 +0.09 +0.01
  quiet  +0.03 +0.05 +0.03 -0.00 +0.01 -0.00 -0.05 -0.03 +0.10 -0.07 -0.03 -0.08 -0.04 -0.02 -0.01 +0.00 +0.01 +0.00
  logT    5.50  5.60  5.70  5.80  5.90  6.00  6.10  6.20  6.30  6.40  6.50  6.60  6.70  6.80  6.90  7.00  7.10  7.20
