# Bright-failure diagnostic: BP track, label-free model
model /home/hsr3649/projects/dem/output/experiments/followup/scaled_mlp6_barrier_h336_sqrt_ff12_resample_mu100.pt
blocks 48,960   valid pixel-targets 705,016,779

Columns: pix% share of pixels | SSE% share of total DEM squared error | MSE per bin |
relSSE error energy / reference energy | orth% of SSE orthogonal to the reference curve
(temperature placement) vs along it (scale) | EMr, pkR aggregate predicted/reference emission
and peak height | wP, wR EM-weighted logT width (dex) | shift mean logT pred-ref (dex) |
refM%, modM% multi-peaked | p50 median per-pixel SSE | top1% SSE share of the worst 1%

## Population
group                             pix%    SSE%       MSE    relSSE   orth%     EMr     pkR     wP     wR   shift   refM%   modM%       p50   top1%
--------------------------------------------------------------------------------------------------------------------------------------------------
full                            100.00   100.0      2.37     0.359      12   0.988   0.984   0.21   0.19   +0.02    13.5    18.7    0.0617    97.9
bright                           10.12    98.7      23.1     0.366      12   0.992   0.979   0.25   0.24   +0.00    23.8    22.0      2.14    97.7
quiet                            89.88     1.3    0.0349     0.148      58   0.983    0.99   0.20   0.18   +0.02    12.3    18.4    0.0427    35.0

## By intensity (max over channels of observed/threshold)
group                             pix%    SSE%       MSE    relSSE   orth%     EMr     pkR     wP     wR   shift   refM%   modM%       p50   top1%
--------------------------------------------------------------------------------------------------------------------------------------------------
<0.03x                            3.85     0.0  0.000466      0.79      52    1.01    1.16   0.18   0.14   +0.06     0.9    31.3  6.17e-05    79.8
0.03-0.1x                        10.51     0.0   0.00199     0.424      59   0.976    1.03   0.18   0.15   +0.03     3.2    18.4  0.000851    68.6
0.1-0.3x                         33.02     0.1   0.00972     0.201      47   0.963   0.989   0.19   0.17   +0.03     8.6    16.6    0.0162    40.0
0.3-1x                           42.50     1.2    0.0658     0.143      59   0.988   0.989   0.22   0.20   +0.01    18.5    18.6     0.186    27.0
1-1.8x                            6.53     0.7     0.272    0.0833      70   0.994       1   0.24   0.23   +0.00    22.5    20.5      1.12    22.9
1.8-3.2x                          2.35     0.7     0.666    0.0535      73   0.992    1.01   0.25   0.25   -0.00    24.0    22.0      3.72    20.3
3.2-10x                           1.15     1.2      2.51     0.038      77   0.997   0.998   0.28   0.27   -0.00    29.8    29.3      18.6    16.0
10-32x                            0.08     1.1      34.6    0.0638      56    1.02   0.919   0.34   0.31   -0.00    43.0    41.4       224    24.3
>=32x                             0.01    94.9  2.29e+04     0.478       9   0.888   0.551   0.26   0.23   -0.02    18.3    10.6  9.33e+03    83.6

## Bright, by channel with the largest observed/threshold
group                             pix%    SSE%       MSE    relSSE   orth%     EMr     pkR     wP     wR   shift   refM%   modM%       p50   top1%
--------------------------------------------------------------------------------------------------------------------------------------------------
94                                1.96    87.3       106     0.438      11   0.974   0.887   0.26   0.25   -0.02    28.1    22.7       1.7    99.3
131                               1.80     9.5      12.5     0.359       9    1.02   0.991   0.33   0.29   +0.01    56.9    56.4      1.41    96.6
171                               1.73     0.2     0.305    0.0601      77   0.995       1   0.22   0.21   +0.00    24.0    23.1     0.977    27.2
193                               0.76     0.1     0.212    0.0337      77    1.02       1   0.20   0.19   +0.01     5.9     4.5     0.776    35.0
211                               1.57     0.7     0.981    0.0444      81   0.945    1.03   0.21   0.21   -0.01     5.2     3.1      5.13    23.1
335                               2.30     1.0         1     0.041      73    1.02   0.981   0.25   0.24   +0.01    12.8    12.3      4.27    24.0
quiet                            89.88     1.3    0.0349     0.148      58   0.983    0.99   0.20   0.18   +0.02    12.3    18.4    0.0427    35.0

## Bright, inclusive by trigger channel (overlapping)
group                             pix%    SSE%       MSE    relSSE   orth%     EMr     pkR     wP     wR   shift   refM%   modM%       p50   top1%
--------------------------------------------------------------------------------------------------------------------------------------------------
94                                5.27    97.8        44     0.374      11   0.987   0.968   0.25   0.24   -0.01    24.6    21.6      3.09    98.2
131                               5.10    97.9      45.5     0.377      11   0.994   0.963   0.28   0.26   +0.00    32.7    31.5      3.09    98.1
171                               4.94    96.1      46.1     0.385      11   0.991   0.969   0.25   0.24   -0.00    26.2    24.1      2.45    98.4
193                               4.93    97.5      46.9     0.374      11   0.988   0.974   0.24   0.23   -0.00    18.4    16.5      3.39    98.2
211                               4.92    97.5        47     0.371      11   0.984   0.976   0.24   0.23   -0.00    16.0    14.2      4.47    98.1
335                               5.22    98.2      44.6     0.372      11   0.994    0.97   0.25   0.25   +0.00    19.8    18.3      4.68    97.9

## By number of trigger channels
group                             pix%    SSE%       MSE    relSSE   orth%     EMr     pkR     wP     wR   shift   refM%   modM%       p50   top1%
--------------------------------------------------------------------------------------------------------------------------------------------------
0                                89.88     1.3    0.0349     0.148      58   0.983    0.99   0.20   0.18   +0.02    12.3    18.4    0.0427    35.0
1                                 3.42     0.5     0.329      0.14      66    1.01    1.01   0.25   0.24   +0.01    26.6    25.5      1.02    27.2
2                                 1.69     0.2     0.349    0.0856      63   0.995   0.987   0.24   0.23   -0.00    21.9    19.4      1.23    34.0
3                                 1.20     0.4     0.874     0.111      47   0.991   0.983   0.24   0.23   -0.00    23.1    20.4      1.78    63.5
4                                 0.96     0.4      1.02     0.089      49    0.99   0.991   0.24   0.24   -0.00    21.1    19.1      2.45    58.2
5                                 0.90     1.4      3.81     0.145      34   0.988   0.972   0.25   0.24   -0.00    21.5    19.2      3.72    82.3
6                                 1.93    95.6       117     0.391      11   0.988   0.961   0.26   0.26   -0.00    23.5    21.9      8.91    98.5

## Top exact trigger patterns by SSE share
group                             pix%    SSE%       MSE    relSSE   orth%     EMr     pkR     wP     wR   shift   refM%   modM%       p50   top1%
--------------------------------------------------------------------------------------------------------------------------------------------------
94+131+171+193+211+335            1.93    95.6       117     0.391      11   0.988   0.961   0.26   0.26   -0.00    23.5    21.9      8.91    98.5
94+131+193+211+335                0.26     1.2      11.2     0.165      29   0.983   0.944   0.26   0.25   -0.01    14.5    12.2      8.13    89.5
335                               0.90     0.3     0.691     0.166      66    1.06    1.04   0.24   0.24   +0.02    14.4    12.9      2.69    19.7
94+131+335                        0.04     0.3      16.9     0.225      29    1.01   0.816   0.31   0.30   +0.01    33.2    34.9      7.08    67.2
94+131+193+335                    0.00     0.1      63.6     0.378      18   0.929   0.599   0.31   0.29   +0.00    37.9    45.1      2.45    63.7
94+131+211+335                    0.07     0.1       3.6    0.0855      43    1.02   0.946   0.29   0.27   +0.01    16.9    17.2      10.2    63.9
131+171+193+211+335               0.17     0.1      1.33     0.114      61   0.981   0.964   0.26   0.26   +0.01    22.1    18.9      4.07    22.2
131                               0.67     0.1     0.244     0.238      67    1.06       1   0.35   0.29   +0.04    57.0    62.6     0.708    27.1
94                                0.80     0.1     0.204     0.151      50   0.939   0.962   0.26   0.25   -0.02    33.5    26.5     0.813    26.2
94+131+171+193+335                0.11     0.1      1.25     0.172      39    1.02   0.966   0.30   0.28   -0.00    45.4    42.5      2.45    77.2
211+335                           0.24     0.0     0.494    0.0597      76   0.982   0.971   0.21   0.21   -0.00     3.0     1.2      3.72    15.8
193+211+335                       0.21     0.0     0.553    0.0587      76   0.969    1.01   0.20   0.20   -0.00     3.2     1.0      2.69    16.4

## By DEM shape (reference x model x Bright)
group                             pix%    SSE%       MSE    relSSE   orth%     EMr     pkR     wP     wR   shift   refM%   modM%       p50   top1%
--------------------------------------------------------------------------------------------------------------------------------------------------
ref uni / model uni / Quiet      68.81     0.8    0.0283     0.117      59   0.998   0.994   0.18   0.16   +0.02     0.0     0.0    0.0355    38.5
ref uni / model uni / Bright      7.16    94.1      31.2     0.395      10   0.992   0.975   0.22   0.21   +0.00     0.0     0.0      1.62    98.5
ref uni / model multi / Quiet    10.01     0.2    0.0423      0.38      57    1.05    1.01   0.32   0.19   +0.10     0.0   100.0   4.9e-05    41.2
ref uni / model multi / Bright    0.55     0.9      4.06       0.2      34    1.04   0.981   0.32   0.24   +0.06     0.0   100.0      4.27    79.7
ref multi / model uni / Quiet     4.56     0.1    0.0776     0.269      55   0.833   0.944   0.23   0.33   -0.08   100.0     0.0     0.339    20.0
ref multi / model uni / Bright    0.73     1.9      6.11     0.166      38   0.955   0.989   0.27   0.31   -0.06   100.0     0.0      4.27    89.0
ref multi / model multi / Quie    6.51     0.2    0.0639     0.195      55   0.952   0.975   0.33   0.32   +0.01   100.0   100.0     0.257    20.5
ref multi / model multi / Brig    1.68     1.8      2.48     0.112      54   0.998   0.992   0.35   0.33   +0.00   100.0   100.0      3.09    74.2

## Regression-to-mean check, by reference peak height
group                             pix%    SSE%       MSE    relSSE   orth%     EMr     pkR     wP     wR   shift   refM%   modM%    gPkR    gEMr
------------------------------------------------------------------------------------------------------------------------------------------------
<=0                               7.00     0.0   0.00176         -     100       -       -      -      -       -     0.0    68.0       -       -
<0.001                            0.32     0.0   0.00229  5.05e+04     100    46.3    62.8   0.29   0.14   +0.28     0.0    34.5    8.78    7.47
0.001 to 0.0032                   0.64     0.0   0.00241  3.67e+03      99    12.1      16   0.27   0.14   +0.23     0.1    25.8    2.69    2.26
0.0032 to 0.01                    1.87     0.0   0.00254       384      99    4.58    5.94   0.24   0.15   +0.17     1.0    16.1    1.68     1.4
0.01 to 0.032                     3.95     0.0   0.00322      52.6      98    2.31    2.73   0.21   0.16   +0.10     4.2    10.2    1.26    1.16
0.032 to 0.1                      6.42     0.0   0.00482      8.41      94    1.52    1.65   0.20   0.17   +0.06     8.0     9.5    1.05    1.05
0.1 to 0.32                      10.14     0.0   0.00819      1.38      84    1.16    1.23   0.19   0.17   +0.02    10.9    11.6   0.923   0.921
0.32 to 1                        29.95     0.2    0.0161     0.229      78    1.04    1.03   0.20   0.19   +0.01    14.7    15.0   0.949   0.971
1 to 3.2                         28.08     0.8    0.0644     0.137      68   0.978   0.998   0.21   0.20   -0.01    18.7    17.3   0.949   0.947
3.2 to 10                         9.53     1.2     0.301    0.0767      63   0.966   0.966   0.23   0.22   -0.00    17.3    15.9    0.93   0.949
10 to 32                          1.90     1.3      1.64    0.0451      71   0.982   0.981   0.25   0.25   +0.00    16.5    16.0   0.962   0.975
32 to 1e+02                       0.20     1.0      12.3    0.0405      72       1   0.966   0.29   0.28   -0.00    20.5    21.6    0.96       1
1e+02 to 3.2e+02                  0.01     2.0       425     0.118      38   0.964    0.71   0.26   0.24   -0.01    17.7    12.0   0.691   0.946
3.2e+02 to 1e+03                  0.00     7.0  7.08e+03     0.253      26   0.869   0.502   0.23   0.18   -0.02    10.3     5.6   0.477   0.844
1e+03 to 3.2e+03                  0.00    12.5  8.53e+04     0.361      21   0.803   0.401   0.23   0.16   -0.03    10.2     4.8   0.371   0.789
>=3.2e+03                         0.00    73.9  4.59e+06     0.605       5   0.531   0.285   0.23   0.16   -0.01     4.1     3.7   0.299   0.622

## Worst per-pixel SSE tail (bin-edge approximate)
group                             pix%    SSE%       MSE    relSSE   orth%     EMr     pkR     wP     wR   shift   refM%   modM%  bright%
-----------------------------------------------------------------------------------------------------------------------------------------
worst_0.1pct_approx               0.13    96.5   1.8e+03     0.448      10   0.964   0.764   0.30   0.29   +0.03    28.1    28.4     99.3
worst_1pct_approx                 1.80    98.3       129     0.403      11   0.972   0.917   0.28   0.27   +0.02    26.8    27.8     79.2
remainder                        98.20     1.7    0.0406    0.0482      70   0.992       1   0.21   0.19   +0.02    13.2    18.6      8.9
  worst_0.1pct_approx: pixel SSE >= 178; dominant channel of Bright part: 94:42%, 131:15%, 171:3%, 193:1%, 211:15%, 335:25%
  worst_1pct_approx: pixel SSE >= 17.8; dominant channel of Bright part: 94:19%, 131:14%, 171:8%, 193:2%, 211:24%, 335:33%

## Solver scatter (repeated AIA inputs)
groups by number of targets: {'1': 17445, '2': 10338, '3': 3028, '4': 415, '5': 19}; evicted: 29946

## Solver scatter, population
group                             pix%   modelMSE  scatterMSE    biasMSE  scatter%  biasOrth%     check
-------------------------------------------------------------------------------------------------------
full                            100.00       3.61       0.035       3.58       1.0          9   3.0e-15
bright                           10.38       34.5       0.225       34.3       0.7          8   3.0e-15
quiet                            89.62     0.0321       0.013      0.019      40.6         66   4.6e-16

## Solver scatter, by intensity over threshold
group                             pix%   modelMSE  scatterMSE    biasMSE  scatter%  biasOrth%     check
-------------------------------------------------------------------------------------------------------
<0.03x                            3.98   0.000424     0.00014   0.000283      33.1         58   2.6e-16
0.03-0.1x                        10.85    0.00168     0.00055    0.00113      32.7         60   2.8e-16
0.1-0.3x                         33.13    0.00913     0.00367    0.00547      40.1         55   5.5e-16
0.3-1x                           41.66     0.0612      0.0249     0.0363      40.7         67   0.0e+00
1-1.8x                            6.59      0.249      0.0829      0.167      33.2         74   6.7e-16
1.8-3.2x                          2.45      0.624        0.18      0.444      28.9         77   4.4e-16
3.2-10x                           1.24       2.46       0.497       1.96      20.2         80   4.4e-16
10-32x                            0.08       34.9        2.75       32.1       7.9         55   1.5e-16
>=32x                             0.01    3.3e+04        47.1    3.3e+04       0.1          7   3.3e-16

Signed DEM error by logT bin (pred - ref, mean per pixel):
  bright +0.09 +0.11 -0.03 -0.07 +0.04 +0.03 -0.05 -0.07 +0.18 -0.17 -0.13 +0.02 -0.01 -0.17 -0.15 +0.05 +0.07 +0.03
  quiet  -0.01 +0.00 -0.00 -0.00 +0.01 -0.00 -0.02 -0.00 +0.03 -0.01 -0.02 -0.01 -0.01 -0.01 -0.01 -0.00 -0.00 +0.00
  logT    5.50  5.60  5.70  5.80  5.90  6.00  6.10  6.20  6.30  6.40  6.50  6.60  6.70  6.80  6.90  7.00  7.10  7.20
