# Bright-failure diagnostic: BP track, label-free model
model /home/hsr3649/projects/dem/output/experiments/followup/scaled_mlp6_barrier_h336_sqrt_ff12_resample_mu30_ibr0.5.pt
blocks 48,960   valid pixel-targets 705,016,779

Columns: pix% share of pixels | SSE% share of total DEM squared error | MSE per bin |
relSSE error energy / reference energy | orth% of SSE orthogonal to the reference curve
(temperature placement) vs along it (scale) | EMr, pkR aggregate predicted/reference emission
and peak height | wP, wR EM-weighted logT width (dex) | shift mean logT pred-ref (dex) |
refM%, modM% multi-peaked | p50 median per-pixel SSE | top1% SSE share of the worst 1%

## Population
group                             pix%    SSE%       MSE    relSSE   orth%     EMr     pkR     wP     wR   shift   refM%   modM%       p50   top1%
--------------------------------------------------------------------------------------------------------------------------------------------------
full                            100.00   100.0       2.7     0.408      12    0.97   0.941   0.20   0.19   +0.00    13.5    17.8    0.0407    98.3
bright                           10.12    98.9      26.3     0.417      12   0.985   0.955   0.24   0.24   -0.01    23.8    19.3      1.62    98.1
quiet                            89.88     1.1    0.0328     0.139      43   0.955   0.927   0.19   0.18   +0.00    12.3    17.7    0.0282    41.7

## By intensity (max over channels of observed/threshold)
group                             pix%    SSE%       MSE    relSSE   orth%     EMr     pkR     wP     wR   shift   refM%   modM%       p50   top1%
--------------------------------------------------------------------------------------------------------------------------------------------------
<0.03x                            3.85     0.0   0.00035     0.594      16   0.948   0.903   0.17   0.14   +0.06     0.9    38.6  3.72e-05    82.7
0.03-0.1x                        10.51     0.0   0.00153     0.326      24   0.934   0.897   0.16   0.15   +0.01     3.2    22.5  0.000562    68.3
0.1-0.3x                         33.02     0.1   0.00877     0.181      31   0.936   0.922   0.18   0.17   +0.01     8.6    16.1    0.0107    46.6
0.3-1x                           42.50     1.0    0.0622     0.135      44   0.959   0.928   0.21   0.20   -0.00    18.5    15.8     0.123    32.7
1-1.8x                            6.53     0.6     0.252    0.0772      59   0.976    0.96   0.23   0.23   -0.01    22.5    17.4     0.813    25.6
1.8-3.2x                          2.35     0.5     0.612    0.0491      69   0.987   0.984   0.25   0.25   -0.01    24.0    20.5      2.95    22.9
3.2-10x                           1.15     1.1      2.59    0.0391      77       1   0.993   0.28   0.27   -0.00    29.8    27.3        17    17.3
10-32x                            0.08     1.6      55.4     0.102      58    1.03   0.924   0.34   0.31   +0.00    43.0    33.8       372    20.4
>=32x                             0.01    95.1  2.61e+04     0.544      10   0.854   0.509   0.28   0.23   -0.03    18.3     8.1  1.78e+04    80.3

## Bright, by channel with the largest observed/threshold
group                             pix%    SSE%       MSE    relSSE   orth%     EMr     pkR     wP     wR   shift   refM%   modM%       p50   top1%
--------------------------------------------------------------------------------------------------------------------------------------------------
94                                1.96    88.5       122     0.505      11   0.964   0.874   0.23   0.25   -0.05    28.1    13.3      1.48    99.0
131                               1.80     8.9      13.3     0.381      10    1.01   0.958   0.32   0.29   +0.00    56.9    56.9      1.07    97.1
171                               1.73     0.2     0.287    0.0565      72   0.987   0.983   0.21   0.21   -0.00    24.0    19.4     0.741    31.7
193                               0.76     0.1     0.205    0.0325      70       1   0.983   0.19   0.19   +0.00     5.9     3.4     0.562    40.3
211                               1.57     0.5     0.854    0.0387      81   0.956    1.01   0.21   0.21   -0.01     5.2     2.2      3.55    28.6
335                               2.30     0.8     0.979      0.04      68    1.01   0.951   0.24   0.24   +0.01    12.8    12.1      3.72    26.9
quiet                            89.88     1.1    0.0328     0.139      43   0.955   0.927   0.19   0.18   +0.00    12.3    17.7    0.0282    41.7

## Bright, inclusive by trigger channel (overlapping)
group                             pix%    SSE%       MSE    relSSE   orth%     EMr     pkR     wP     wR   shift   refM%   modM%       p50   top1%
--------------------------------------------------------------------------------------------------------------------------------------------------
94                                5.27    98.2      50.3     0.427      11   0.983   0.955   0.24   0.24   -0.02    24.6    17.5      2.57    98.4
131                               5.10    98.3      51.9      0.43      11    0.99   0.948   0.28   0.26   -0.00    32.7    29.9      2.45    98.3
171                               4.94    96.2      52.5     0.438      11   0.989   0.954   0.24   0.24   -0.01    26.2    21.6      1.86    98.6
193                               4.93    97.8      53.5     0.427      11   0.987    0.96   0.23   0.23   -0.00    18.4    15.0      2.57    98.4
211                               4.92    97.8      53.5     0.423      11   0.986   0.962   0.23   0.23   -0.00    16.0    13.0      3.39    98.3
335                               5.22    98.5      50.8     0.424      11   0.989    0.95   0.25   0.25   +0.00    19.8    17.4      3.89    98.1

## By number of trigger channels
group                             pix%    SSE%       MSE    relSSE   orth%     EMr     pkR     wP     wR   shift   refM%   modM%       p50   top1%
--------------------------------------------------------------------------------------------------------------------------------------------------
0                                89.88     1.1    0.0328     0.139      43   0.955   0.927   0.19   0.18   +0.00    12.3    17.7    0.0282    41.7
1                                 3.42     0.4     0.305      0.13      54   0.976   0.951   0.24   0.24   -0.01    26.6    21.1     0.813    27.1
2                                 1.69     0.2     0.359    0.0878      54   0.982   0.957   0.23   0.23   -0.01    21.9    17.5     0.891    40.3
3                                 1.20     0.5      1.08     0.136      41   0.982   0.958   0.23   0.23   -0.01    23.1    18.2      1.35    72.1
4                                 0.96     0.4      1.18     0.103      43   0.985   0.969   0.24   0.24   -0.01    21.1    17.3      1.86    66.5
5                                 0.90     1.6      4.74      0.18      32   0.984   0.954   0.25   0.24   -0.01    21.5    17.7      2.95    86.0
6                                 1.93    95.8       134     0.445      11    0.99   0.953   0.26   0.26   -0.01    23.5    20.4      7.08    98.5

## Top exact trigger patterns by SSE share
group                             pix%    SSE%       MSE    relSSE   orth%     EMr     pkR     wP     wR   shift   refM%   modM%       p50   top1%
--------------------------------------------------------------------------------------------------------------------------------------------------
94+131+171+193+211+335            1.93    95.8       134     0.445      11    0.99   0.953   0.26   0.26   -0.01    23.5    20.4      7.08    98.5
94+131+193+211+335                0.26     1.4      14.2     0.211      28   0.981   0.934   0.26   0.25   -0.02    14.5    10.6      7.41    90.8
94+131+335                        0.04     0.3      24.2     0.323      29   0.987   0.805   0.31   0.30   -0.01    33.2    33.6      7.08    62.4
335                               0.90     0.2     0.614     0.148      53    1.01   0.935   0.24   0.24   +0.02    14.4    13.3      2.45    20.0
94+131+193+335                    0.00     0.1      84.4     0.502      17    0.89   0.564   0.31   0.29   -0.01    37.9    42.0      2.14    59.4
94+131+211+335                    0.07     0.1      4.64      0.11      43    1.02   0.942   0.28   0.27   -0.00    16.9    16.3      9.77    67.7
131+171+193+211+335               0.17     0.1      1.45     0.125      55   0.981   0.931   0.26   0.26   +0.02    22.1    18.9      3.09    24.4
94                                0.80     0.1     0.237     0.176      46   0.886   0.932   0.21   0.25   -0.08    33.5    11.5     0.646    27.6
94+131+171+193+335                0.11     0.1      1.61     0.222      33   0.998   0.953   0.29   0.28   -0.01    45.4    38.4      2.04    82.3
131                               0.67     0.1     0.224     0.218      51    1.03   0.914   0.33   0.29   +0.02    57.0    62.2     0.537    32.8
94+131                            0.08     0.0      1.62     0.361      29   0.959   0.872   0.34   0.33   -0.05    68.0    62.5      1.12    81.1
131+193+211+335                   0.10     0.0      1.11    0.0796      66    0.97   0.963   0.27   0.27   -0.00    16.9    15.0       4.9    19.7

## By DEM shape (reference x model x Bright)
group                             pix%    SSE%       MSE    relSSE   orth%     EMr     pkR     wP     wR   shift   refM%   modM%       p50   top1%
--------------------------------------------------------------------------------------------------------------------------------------------------
ref uni / model uni / Quiet      69.00     0.6    0.0248     0.102      46   0.976   0.946   0.17   0.16   +0.01     0.0     0.0    0.0234    44.9
ref uni / model uni / Bright      7.28    93.5      34.6     0.446      10   0.987   0.956   0.21   0.21   -0.00     0.0     0.0      1.17    98.8
ref uni / model multi / Quiet     9.82     0.2     0.049     0.442      32   0.971   0.765   0.34   0.20   +0.08     0.0   100.0  2.82e-08    54.0
ref uni / model multi / Bright    0.43     1.2      7.59     0.328      21    1.02   0.909   0.31   0.25   +0.04     0.0   100.0      4.47    86.9
ref multi / model uni / Quiet     5.02     0.1    0.0741     0.249      45   0.795   0.866   0.22   0.32   -0.11   100.0     0.0     0.324    17.6
ref multi / model uni / Bright    0.88     2.0      6.22      0.19      38   0.938   0.946   0.25   0.31   -0.09   100.0     0.0      4.27    87.6
ref multi / model multi / Quie    6.05     0.1    0.0637     0.197      40   0.915    0.88   0.33   0.32   -0.01   100.0   100.0     0.178    24.9
ref multi / model multi / Brig    1.53     2.2      3.82     0.165      43   0.993   0.965   0.34   0.32   -0.01   100.0   100.0      2.69    83.2

## Regression-to-mean check, by reference peak height
group                             pix%    SSE%       MSE    relSSE   orth%     EMr     pkR     wP     wR   shift   refM%   modM%    gPkR    gEMr
------------------------------------------------------------------------------------------------------------------------------------------------
<=0                               7.00     0.0  0.000653         -     100       -       -      -      -       -     0.0    78.0       -       -
<0.001                            0.32     0.0  0.000951   2.1e+04      99    32.4    33.7   0.27   0.14   +0.24     0.0    34.7    3.58     3.5
0.001 to 0.0032                   0.64     0.0   0.00102  1.55e+03      99    8.56    9.02   0.24   0.14   +0.18     0.1    26.0    1.37     1.3
0.0032 to 0.01                    1.87     0.0   0.00111       167      99     3.4    3.65   0.21   0.15   +0.13     1.0    15.7    1.06    1.01
0.01 to 0.032                     3.95     0.0   0.00151      24.6      97    1.88    1.92   0.19   0.16   +0.07     4.2     8.8   0.991   0.987
0.032 to 0.1                      6.42     0.0   0.00225      3.93      92    1.32     1.3   0.18   0.17   +0.04     8.0     9.1   0.883   0.922
0.1 to 0.32                      10.14     0.0    0.0039     0.658      76    1.05    1.05   0.18   0.17   -0.00    10.9    11.5   0.794   0.818
0.32 to 1                        29.95     0.1     0.011     0.157      70       1   0.987   0.19   0.19   -0.01    14.7    13.0   0.902   0.924
1 to 3.2                         28.08     0.5    0.0527     0.112      56   0.952   0.944   0.20   0.20   -0.02    18.7    14.4   0.897   0.921
3.2 to 10                         9.53     1.1     0.299    0.0763      53   0.957   0.921   0.22   0.22   -0.00    17.3    15.0   0.876   0.936
10 to 32                          1.90     1.2      1.75    0.0482      67   0.984   0.962   0.25   0.25   +0.00    16.5    15.4   0.932   0.973
32 to 1e+02                       0.20     1.3      17.5    0.0576      73    1.01   0.967   0.29   0.28   -0.00    20.5    17.4   0.958       1
1e+02 to 3.2e+02                  0.01     3.0       705     0.196      39   0.941   0.673   0.28   0.24   -0.02    17.7     8.9   0.642   0.915
3.2e+02 to 1e+03                  0.00     8.4  9.71e+03     0.347      25   0.828   0.455   0.25   0.18   -0.03    10.3     5.4   0.426   0.802
1e+03 to 3.2e+03                  0.00    13.8  1.07e+05     0.453      18   0.745   0.357   0.26   0.16   -0.03    10.2     7.7   0.318   0.729
>=3.2e+03                         0.00    70.5  4.98e+06     0.657       5   0.488   0.274   0.25   0.16   -0.02     4.1     5.2   0.281    0.57

## Worst per-pixel SSE tail (bin-edge approximate)
group                             pix%    SSE%       MSE    relSSE   orth%     EMr     pkR     wP     wR   shift   refM%   modM%  bright%
-----------------------------------------------------------------------------------------------------------------------------------------
worst_0.1pct_approx               0.15    97.2  1.79e+03     0.508      11    0.97   0.746   0.31   0.30   +0.03    29.6    25.3     98.6
worst_1pct_approx                 1.75    98.7       152     0.463      11   0.962   0.848   0.28   0.28   +0.02    28.1    29.1     75.7
remainder                        98.25     1.3    0.0355    0.0408      63   0.972   0.962   0.20   0.19   +0.00    13.2    17.6      9.0
  worst_0.1pct_approx: pixel SSE >= 178; dominant channel of Bright part: 94:49%, 131:14%, 171:3%, 193:1%, 211:12%, 335:21%
  worst_1pct_approx: pixel SSE >= 17.8; dominant channel of Bright part: 94:23%, 131:14%, 171:8%, 193:2%, 211:20%, 335:34%

## Solver scatter (repeated AIA inputs)
groups by number of targets: {'1': 17445, '2': 10338, '3': 3028, '4': 415, '5': 19}; evicted: 29946

## Solver scatter, population
group                             pix%   modelMSE  scatterMSE    biasMSE  scatter%  biasOrth%     check
-------------------------------------------------------------------------------------------------------
full                            100.00       4.04       0.035       4.01       0.9          9   2.8e-16
bright                           10.38       38.7       0.225       38.5       0.6          9   2.8e-16
quiet                            89.62     0.0303       0.013     0.0173      43.0         52   5.7e-16

## Solver scatter, by intensity over threshold
group                             pix%   modelMSE  scatterMSE    biasMSE  scatter%  biasOrth%     check
-------------------------------------------------------------------------------------------------------
<0.03x                            3.98   0.000313     0.00014   0.000173      44.8         20   4.3e-16
0.03-0.1x                        10.85     0.0013     0.00055    0.00075      42.3         31   8.6e-16
0.1-0.3x                         33.13    0.00829     0.00367    0.00463      44.2         40   1.0e-16
0.3-1x                           41.66     0.0582      0.0249     0.0333      42.8         54   4.6e-16
1-1.8x                            6.59      0.231      0.0829      0.148      35.9         67   1.2e-15
1.8-3.2x                          2.45      0.569        0.18      0.389      31.7         76   1.6e-16
3.2-10x                           1.24       2.53       0.497       2.03      19.7         81   4.2e-16
10-32x                            0.08       56.3        2.75       53.5       4.9         56   1.9e-16
>=32x                             0.01    3.7e+04        47.1   3.69e+04       0.1          7   4.4e-16

Signed DEM error by logT bin (pred - ref, mean per pixel):
  bright -0.01 +0.09 +0.02 -0.02 -0.00 +0.02 -0.02 -0.04 +0.09 -0.05 -0.08 +0.03 -0.01 -0.27 -0.28 -0.01 +0.06 +0.04
  quiet  -0.02 -0.00 -0.00 -0.00 +0.00 +0.00 -0.01 -0.00 +0.02 -0.00 -0.03 -0.04 -0.02 -0.02 -0.01 -0.01 -0.00 -0.01
  logT    5.50  5.60  5.70  5.80  5.90  6.00  6.10  6.20  6.30  6.40  6.50  6.60  6.70  6.80  6.90  7.00  7.10  7.20
