# Bright-failure diagnostic: BP track, label-free model
model /home/hsr3649/projects/dem/output/experiments/followup/scaled_mlp6_barrier_h1800_sqrt_ff12_resample.pt
blocks 48,960   valid pixel-targets 705,016,779

Columns: pix% share of pixels | SSE% share of total DEM squared error | MSE per bin |
relSSE error energy / reference energy | orth% of SSE orthogonal to the reference curve
(temperature placement) vs along it (scale) | EMr, pkR aggregate predicted/reference emission
and peak height | wP, wR EM-weighted logT width (dex) | shift mean logT pred-ref (dex) |
refM%, modM% multi-peaked | p50 median per-pixel SSE | top1% SSE share of the worst 1%

## Population
group                             pix%    SSE%       MSE    relSSE   orth%     EMr     pkR     wP     wR   shift   refM%   modM%       p50   top1%
--------------------------------------------------------------------------------------------------------------------------------------------------
full                            100.00   100.0       5.1     0.772       3   0.832   0.813   0.17   0.19   -0.05    13.5     7.6    0.0224    98.3
bright                           10.12    99.0      49.9     0.789       3   0.829   0.812   0.20   0.24   -0.04    23.8    11.8      2.57    97.3
quiet                            89.88     1.0     0.058     0.245      26   0.836   0.814   0.16   0.18   -0.05    12.3     7.1    0.0135    41.9

## By intensity (max over channels of observed/threshold)
group                             pix%    SSE%       MSE    relSSE   orth%     EMr     pkR     wP     wR   shift   refM%   modM%       p50   top1%
--------------------------------------------------------------------------------------------------------------------------------------------------
<0.03x                            3.85     0.0  0.000405     0.687       5   0.796   0.666   0.15   0.14   -0.02     0.9    29.9  7.41e-06    84.7
0.03-0.1x                        10.51     0.0    0.0019     0.406      11   0.848   0.775   0.14   0.15   -0.03     3.2     9.0  0.000204    72.1
0.1-0.3x                         33.02     0.1    0.0102      0.21      20   0.862   0.829   0.15   0.17   -0.06     8.6     5.3   0.00407    49.0
0.3-1x                           42.50     1.0     0.114     0.248      26   0.831   0.811   0.17   0.20   -0.05    18.5     5.9     0.102    30.4
1-1.8x                            6.53     0.7      0.51     0.156      37   0.869   0.846   0.19   0.23   -0.04    22.5     8.3      1.23    21.3
1.8-3.2x                          2.35     0.6      1.36     0.109      45   0.896   0.868   0.21   0.25   -0.03    24.0    12.7       4.9    19.6
3.2-10x                           1.15     2.1      9.43     0.142      36   0.847    0.85   0.25   0.27   -0.05    29.8    25.6      29.5    18.7
10-32x                            0.08     4.4       288     0.531      17   0.565   0.621   0.30   0.31   -0.26    43.0    70.2  2.34e+03     8.8
>=32x                             0.01    91.2  4.73e+04     0.988       1   0.196   0.138   0.33   0.23   -0.55    18.3    87.7  8.91e+04    69.5

## Bright, by channel with the largest observed/threshold
group                             pix%    SSE%       MSE    relSSE   orth%     EMr     pkR     wP     wR   shift   refM%   modM%       p50   top1%
--------------------------------------------------------------------------------------------------------------------------------------------------
94                                1.96    87.0       227     0.939       2    0.64   0.665   0.20   0.25   -0.11    28.1     8.9      2.04    97.1
131                               1.80     9.5      26.9     0.772       3   0.884   0.849   0.25   0.29   -0.03    56.9    39.7      1.23    97.9
171                               1.73     0.2     0.448    0.0881      59   0.928   0.907   0.19   0.21   -0.02    24.0     7.7     0.617    29.9
193                               0.76     0.1     0.335    0.0532      70    0.97   0.937   0.16   0.19   +0.01     5.9     0.2     0.537    32.9
211                               1.57     0.4      1.15     0.052      84    1.01     0.9   0.19   0.21   +0.01     5.2     0.3      4.27    26.9
335                               2.30     1.9      4.24     0.173      28   0.768   0.774   0.21   0.24   -0.06    12.8     7.3      13.5    33.4
quiet                            89.88     1.0     0.058     0.245      26   0.836   0.814   0.16   0.18   -0.05    12.3     7.1    0.0135    41.9

## Bright, inclusive by trigger channel (overlapping)
group                             pix%    SSE%       MSE    relSSE   orth%     EMr     pkR     wP     wR   shift   refM%   modM%       p50   top1%
--------------------------------------------------------------------------------------------------------------------------------------------------
94                                5.27    98.2      95.1     0.808       3   0.815   0.813   0.21   0.24   -0.06    24.6    12.1      3.72    97.2
131                               5.10    98.2      98.1     0.813       3   0.821   0.804   0.23   0.26   -0.04    32.7    21.1      3.55    97.2
171                               4.94    95.0        98     0.817       3   0.837   0.823   0.21   0.24   -0.03    26.2    13.5      2.57    97.9
193                               4.93    97.2       101     0.803       3   0.848   0.831   0.21   0.23   -0.02    18.4    10.6      3.89    97.6
211                               4.92    97.5       101     0.797       3    0.85   0.828   0.21   0.23   -0.02    16.0    10.5       4.9    97.3
335                               5.22    98.6      96.2     0.803       3   0.799    0.79   0.22   0.25   -0.05    19.8    12.5      8.13    96.8

## By number of trigger channels
group                             pix%    SSE%       MSE    relSSE   orth%     EMr     pkR     wP     wR   shift   refM%   modM%       p50   top1%
--------------------------------------------------------------------------------------------------------------------------------------------------
0                                89.88     1.0     0.058     0.245      26   0.836   0.814   0.16   0.18   -0.05    12.3     7.1    0.0135    41.9
1                                 3.42     0.5     0.671     0.285      22   0.792   0.765   0.19   0.24   -0.06    26.6    11.1      1.23    24.5
2                                 1.69     0.3     0.885     0.217      27   0.869    0.84   0.19   0.23   -0.03    21.9     9.1      1.29    41.3
3                                 1.20     0.7      2.89     0.366      14    0.86   0.836   0.20   0.23   -0.04    23.1     9.1      2.04    73.8
4                                 0.96     0.7      3.55     0.311      18   0.863   0.851   0.20   0.24   -0.03    21.1     9.0      2.95    66.5
5                                 0.90     2.4      13.6     0.518       8   0.847   0.821   0.21   0.24   -0.03    21.5    10.1       4.9    85.4
6                                 1.93    94.5       249      0.83       2   0.816   0.807   0.24   0.26   -0.04    23.5    19.4      10.2    97.0

## Top exact trigger patterns by SSE share
group                             pix%    SSE%       MSE    relSSE   orth%     EMr     pkR     wP     wR   shift   refM%   modM%       p50   top1%
--------------------------------------------------------------------------------------------------------------------------------------------------
94+131+171+193+211+335            1.93    94.5       249      0.83       2   0.816   0.807   0.24   0.26   -0.04    23.5    19.4      10.2    97.0
94+131+193+211+335                0.26     2.2      42.4     0.628       5   0.762   0.776   0.22   0.25   -0.05    14.5     8.6      11.2    81.6
94+131+335                        0.04     0.5      69.7     0.929       2   0.361   0.321   0.29   0.30   -0.22    33.2    60.4      44.7    40.9
94+131+211+335                    0.07     0.3      24.2     0.576      10   0.587   0.692   0.26   0.27   -0.11    16.9    21.8      35.5    40.5
335                               0.90     0.3      1.77     0.425      15   0.623   0.591   0.20   0.24   -0.08    14.4     5.3      12.3    14.5
94+131+193+335                    0.00     0.1       165     0.983       0   0.392    0.29   0.25   0.29   -0.13    37.9    29.7      6.46    49.2
94+335                            0.13     0.1      3.86     0.507      12   0.567   0.627   0.21   0.23   -0.13    10.7     5.3      16.2    22.9
94+131+171+193+335                0.11     0.1      3.98     0.549      12   0.744   0.859   0.21   0.28   -0.10    45.4    14.9       4.9    74.9
131+171+193+211+335               0.17     0.1      2.48     0.213      51   0.935   0.829   0.23   0.26   +0.03    22.1    13.0      3.89    21.7
94                                0.80     0.1     0.361     0.268      26   0.774   0.841   0.18   0.25   -0.12    33.5     3.1     0.776    35.0
94+211+335                        0.10     0.0      2.54     0.198      25   0.813   0.843   0.19   0.21   -0.04     2.3     0.0      5.13    29.6
94+131                            0.08     0.0      3.29     0.736       6   0.742   0.713   0.26   0.33   -0.14    68.0    42.5      1.41    77.2

## By DEM shape (reference x model x Bright)
group                             pix%    SSE%       MSE    relSSE   orth%     EMr     pkR     wP     wR   shift   refM%   modM%       p50   top1%
--------------------------------------------------------------------------------------------------------------------------------------------------
ref uni / model uni / Quiet      75.05     0.7    0.0457     0.196      25   0.877   0.837   0.15   0.16   -0.03     0.0     0.0   0.00933    48.1
ref uni / model uni / Bright      7.45    34.9      23.9     0.656       3   0.892   0.863   0.19   0.21   -0.02     0.0     0.0      1.62    96.4
ref uni / model multi / Quiet     3.77     0.0    0.0553     0.799      34   0.661   0.504   0.33   0.23   -0.18     0.0   100.0  1.02e-12    74.1
ref uni / model multi / Bright    0.26    57.2  1.14e+03     0.961       1   0.424   0.367   0.30   0.29   -0.15     0.0   100.0      61.7    88.5
ref multi / model uni / Quiet     8.46     0.3     0.168     0.495      26   0.622    0.69   0.18   0.32   -0.19   100.0     0.0     0.562    18.7
ref multi / model uni / Bright    1.47     1.1      3.73     0.372      28   0.756   0.799   0.20   0.32   -0.14   100.0     0.0      7.76    67.7
ref multi / model multi / Quie    2.60     0.0    0.0559     0.255      33   0.848   0.781   0.28   0.31   -0.06   100.0   100.0     0.141    28.7
ref multi / model multi / Brig    0.94     5.8      31.2     0.592      15   0.811   0.822   0.29   0.33   -0.06   100.0   100.0      3.55    90.5

## Regression-to-mean check, by reference peak height
group                             pix%    SSE%       MSE    relSSE   orth%     EMr     pkR     wP     wR   shift   refM%   modM%    gPkR    gEMr
------------------------------------------------------------------------------------------------------------------------------------------------
<=0                               7.00     0.0  1.23e-06         -     100       -       -      -      -       -     0.0    41.6       -       -
<0.001                            0.32     0.0     4e-06      88.2      61    4.18     4.4   0.22   0.14   +0.03     0.0     5.2   0.103   0.133
0.001 to 0.0032                   0.64     0.0  5.05e-06       7.7      61    1.54     1.6   0.18   0.14   +0.01     0.1     2.2   0.133   0.152
0.0032 to 0.01                    1.87     0.0  8.11e-06      1.23      58    1.05    1.08   0.16   0.15   -0.00     1.0     1.5    0.33   0.351
0.01 to 0.032                     3.95     0.0  2.17e-05     0.354      47   0.922   0.959   0.15   0.16   -0.01     4.2     1.7   0.562   0.573
0.032 to 0.1                      6.42     0.0  0.000128     0.223      35   0.871   0.892   0.15   0.17   -0.04     8.0     2.5   0.567   0.588
0.1 to 0.32                      10.14     0.0   0.00124     0.209      27   0.825    0.84   0.15   0.17   -0.08    10.9     3.9   0.508   0.523
0.32 to 1                        29.95     0.1   0.00922     0.131      43   0.879   0.906   0.16   0.19   -0.05    14.7     5.2    0.75    0.74
1 to 3.2                         28.08     0.5    0.0898     0.191      34   0.831   0.837   0.17   0.20   -0.06    18.7     5.4   0.744   0.755
3.2 to 10                         9.53     1.2     0.636     0.162      33   0.852   0.801   0.19   0.22   -0.04    17.3     6.1   0.695   0.764
10 to 32                          1.90     2.0      5.33     0.146      37    0.87   0.826   0.22   0.25   -0.02    16.5    13.8    0.77    0.85
32 to 1e+02                       0.20     3.9       100     0.331      23   0.721   0.763   0.26   0.28   -0.11    20.5    32.5   0.714   0.711
1e+02 to 3.2e+02                  0.01     7.1  3.18e+03     0.883       6   0.282   0.246   0.32   0.24   -0.49    17.7    77.8    0.17   0.213
3.2e+02 to 1e+03                  0.00    12.5  2.73e+04     0.976       2   0.159   0.101   0.32   0.18   -0.59    10.3    85.9  0.0723   0.125
1e+03 to 3.2e+03                  0.00    16.0  2.34e+05     0.991       1   0.116  0.0669   0.32   0.16   -0.64    10.2    87.0  0.0455  0.0943
>=3.2e+03                         0.00    56.7  7.58e+06     0.999       0  0.0408   0.031   0.30   0.16   -0.71     4.1    73.6  0.0296  0.0478

## Worst per-pixel SSE tail (bin-edge approximate)
group                             pix%    SSE%       MSE    relSSE   orth%     EMr     pkR     wP     wR   shift   refM%   modM%  bright%
-----------------------------------------------------------------------------------------------------------------------------------------
worst_0.1pct_approx               0.11    96.4  4.62e+03     0.959       2   0.368   0.356   0.30   0.28   -0.34    24.2    65.4    100.0
worst_1pct_approx                 1.18    98.4       426     0.892       3   0.601   0.569   0.23   0.28   -0.13    27.5    23.0     86.1
remainder                        98.82     1.6      0.08    0.0805      43   0.874   0.856   0.16   0.19   -0.05    13.3     7.4      9.2
  worst_0.1pct_approx: pixel SSE >= 1e+03; dominant channel of Bright part: 94:68%, 131:5%, 171:0%, 193:0%, 211:1%, 335:25%
  worst_1pct_approx: pixel SSE >= 56.2; dominant channel of Bright part: 94:22%, 131:10%, 171:5%, 193:2%, 211:12%, 335:50%

## Solver scatter (repeated AIA inputs)
groups by number of targets: {'1': 17445, '2': 10338, '3': 3028, '4': 415, '5': 19}; evicted: 29946

## Solver scatter, population
group                             pix%   modelMSE  scatterMSE    biasMSE  scatter%  biasOrth%     check
-------------------------------------------------------------------------------------------------------
full                            100.00       7.17       0.035       7.14       0.5          2   1.4e-15
bright                           10.38       68.7       0.225       68.4       0.3          2   1.4e-15
quiet                            89.62     0.0539       0.013     0.0409      24.1         28   2.8e-16

## Solver scatter, by intensity over threshold
group                             pix%   modelMSE  scatterMSE    biasMSE  scatter%  biasOrth%     check
-------------------------------------------------------------------------------------------------------
<0.03x                            3.98   0.000353     0.00014   0.000213      39.8          7   3.9e-16
0.03-0.1x                        10.85    0.00157     0.00055    0.00102      35.0         15   5.1e-16
0.1-0.3x                         33.13    0.00958     0.00367    0.00591      38.3         26   4.4e-16
0.3-1x                           41.66      0.108      0.0249      0.083      23.1         29   6.9e-16
1-1.8x                            6.59      0.472      0.0829      0.389      17.6         38   1.4e-16
1.8-3.2x                          2.45       1.28        0.18        1.1      14.1         45   8.5e-16
3.2-10x                           1.24       9.44       0.497       8.94       5.3         35   3.0e-16
10-32x                            0.08        290        2.75        287       1.0         16   1.5e-16
>=32x                             0.01   6.34e+04        47.1   6.33e+04       0.1          1   0.0e+00

Signed DEM error by logT bin (pred - ref, mean per pixel):
  bright -0.24 -0.09 -0.04 -0.02 -0.04 +0.02 +0.21 +0.19 -0.43 -0.23 -0.67 -0.84 -0.83 -0.86 -0.70 -0.41 -0.22 -0.11
  quiet  -0.04 -0.02 -0.02 -0.01 -0.00 +0.01 +0.03 +0.02 -0.05 -0.06 -0.10 -0.11 -0.07 -0.04 -0.03 -0.02 -0.02 -0.02
  logT    5.50  5.60  5.70  5.80  5.90  6.00  6.10  6.20  6.30  6.40  6.50  6.60  6.70  6.80  6.90  7.00  7.10  7.20
