# Bright-failure diagnostic: BP track, label-free model
model /home/hsr3649/projects/dem/output/experiments/followup/scaled_mlp6_barrier_h336_sqrt_ff12_resample_bg1.pt
blocks 48,960   valid pixel-targets 705,016,779

Columns: pix% share of pixels | SSE% share of total DEM squared error | MSE per bin |
relSSE error energy / reference energy | orth% of SSE orthogonal to the reference curve
(temperature placement) vs along it (scale) | EMr, pkR aggregate predicted/reference emission
and peak height | wP, wR EM-weighted logT width (dex) | shift mean logT pred-ref (dex) |
refM%, modM% multi-peaked | p50 median per-pixel SSE | top1% SSE share of the worst 1%

## Population
group                             pix%    SSE%       MSE    relSSE   orth%     EMr     pkR     wP     wR   shift   refM%   modM%       p50   top1%
--------------------------------------------------------------------------------------------------------------------------------------------------
full                            100.00   100.0      5.05     0.764       4   0.839   0.808   0.16   0.19   -0.05    13.5     7.3    0.0245    98.3
bright                           10.12    99.0      49.3     0.781       3    0.84   0.807   0.21   0.24   -0.04    23.8    11.2      2.57    97.4
quiet                            89.88     1.0    0.0575     0.244      25   0.839   0.809   0.16   0.18   -0.05    12.3     6.9    0.0155    41.5

## By intensity (max over channels of observed/threshold)
group                             pix%    SSE%       MSE    relSSE   orth%     EMr     pkR     wP     wR   shift   refM%   modM%       p50   top1%
--------------------------------------------------------------------------------------------------------------------------------------------------
<0.03x                            3.85     0.0  0.000396     0.672       5   0.843   0.694   0.14   0.14   -0.01     0.9    17.5  1.35e-05    85.6
0.03-0.1x                        10.51     0.0   0.00185     0.394      10    0.87   0.774   0.14   0.15   -0.02     3.2     9.9  0.000282    73.5
0.1-0.3x                         33.02     0.1    0.0101     0.208      19    0.87   0.824   0.15   0.17   -0.05     8.6     5.9   0.00513    49.4
0.3-1x                           42.50     1.0     0.113     0.246      25   0.832   0.807   0.17   0.20   -0.05    18.5     5.9     0.102    29.7
1-1.8x                            6.53     0.7     0.514     0.158      37   0.871   0.841   0.19   0.23   -0.04    22.5     8.0      1.23    21.5
1.8-3.2x                          2.35     0.6      1.33     0.107      47   0.901   0.862   0.21   0.25   -0.03    24.0    12.3       4.9    19.1
3.2-10x                           1.15     1.9      8.37     0.126      41   0.865   0.842   0.25   0.27   -0.05    29.8    24.3      32.4    17.3
10-32x                            0.08     4.2       274     0.505      19   0.597   0.627   0.31   0.31   -0.26    43.0    55.6  2.24e+03     9.0
>=32x                             0.01    91.6   4.7e+04     0.982       1   0.239   0.149   0.38   0.23   -0.57    18.3    27.5  8.51e+04    69.7

## Bright, by channel with the largest observed/threshold
group                             pix%    SSE%       MSE    relSSE   orth%     EMr     pkR     wP     wR   shift   refM%   modM%       p50   top1%
--------------------------------------------------------------------------------------------------------------------------------------------------
94                                1.96    87.1       224      0.93       2   0.659   0.668   0.20   0.25   -0.11    28.1     7.5      2.04    97.3
131                               1.80     9.6      26.9     0.774       3    0.89   0.846   0.25   0.29   -0.03    56.9    39.3      1.23    97.7
171                               1.73     0.2     0.493    0.0971      62   0.934   0.903   0.19   0.21   -0.02    24.0     7.4     0.646    30.7
193                               0.76     0.1     0.339    0.0538      71   0.974   0.935   0.16   0.19   +0.01     5.9     0.2     0.589    32.5
211                               1.57     0.4       1.3    0.0588      86    1.01   0.891   0.19   0.21   +0.01     5.2     0.2      4.27    29.1
335                               2.30     1.6      3.58     0.146      29   0.782   0.765   0.21   0.24   -0.06    12.8     6.4      13.5    29.5
quiet                            89.88     1.0    0.0575     0.244      25   0.839   0.809   0.16   0.18   -0.05    12.3     6.9    0.0155    41.5

## Bright, inclusive by trigger channel (overlapping)
group                             pix%    SSE%       MSE    relSSE   orth%     EMr     pkR     wP     wR   shift   refM%   modM%       p50   top1%
--------------------------------------------------------------------------------------------------------------------------------------------------
94                                5.27    98.2        94       0.8       3   0.829   0.809   0.21   0.24   -0.06    24.6    11.3      3.89    97.4
131                               5.10    98.2      97.1     0.804       3   0.835     0.8   0.23   0.26   -0.04    32.7    20.2      3.55    97.4
171                               4.94    95.2      97.2      0.81       3   0.848   0.819   0.21   0.24   -0.03    26.2    12.9      2.57    97.9
193                               4.93    97.4      99.6     0.796       3    0.86   0.827   0.21   0.23   -0.02    18.4    10.0      3.89    97.6
211                               4.92    97.5      99.9     0.789       3   0.863   0.823   0.21   0.23   -0.02    16.0     9.7       4.9    97.5
335                               5.22    98.6      95.2     0.794       3   0.812   0.785   0.22   0.25   -0.05    19.8    11.5      8.13    97.0

## By number of trigger channels
group                             pix%    SSE%       MSE    relSSE   orth%     EMr     pkR     wP     wR   shift   refM%   modM%       p50   top1%
--------------------------------------------------------------------------------------------------------------------------------------------------
0                                89.88     1.0    0.0575     0.244      25   0.839   0.809   0.16   0.18   -0.05    12.3     6.9    0.0155    41.5
1                                 3.42     0.5     0.669     0.284      22   0.793   0.759   0.19   0.24   -0.06    26.6    10.7      1.23    24.1
2                                 1.69     0.3     0.852     0.209      28   0.874   0.834   0.19   0.23   -0.03    21.9     8.8      1.29    40.3
3                                 1.20     0.7      2.77     0.351      14   0.868    0.83   0.20   0.23   -0.04    23.1     8.7      2.14    74.1
4                                 0.96     0.6      3.15     0.276      19   0.876   0.845   0.20   0.24   -0.03    21.1     8.6      2.95    67.0
5                                 0.90     2.3      12.9     0.491       9   0.861   0.816   0.22   0.24   -0.03    21.5     9.4       4.9    86.4
6                                 1.93    94.7       247     0.823       3    0.83   0.803   0.24   0.26   -0.04    23.5    18.1      10.7    97.1

## Top exact trigger patterns by SSE share
group                             pix%    SSE%       MSE    relSSE   orth%     EMr     pkR     wP     wR   shift   refM%   modM%       p50   top1%
--------------------------------------------------------------------------------------------------------------------------------------------------
94+131+171+193+211+335            1.93    94.7       247     0.823       3    0.83   0.803   0.24   0.26   -0.04    23.5    18.1      10.7    97.1
94+131+193+211+335                0.26     2.1      39.9     0.592       5   0.788   0.768   0.22   0.25   -0.05    14.5     7.1      11.2    84.7
94+131+335                        0.04     0.5      67.6     0.901       2   0.401   0.337   0.30   0.30   -0.21    33.2    49.4      38.9    42.0
335                               0.90     0.3      1.77     0.425      14   0.623   0.583   0.20   0.24   -0.09    14.4     4.4      12.3    14.2
94+131+211+335                    0.07     0.3      18.9     0.448      10   0.666   0.684   0.26   0.27   -0.08    16.9    17.4      30.9    49.9
94+131+193+335                    0.00     0.1       165     0.982       1   0.401   0.297   0.25   0.29   -0.14    37.9    24.3      6.46    49.1
94+335                            0.13     0.1      3.48     0.457      12   0.587   0.627   0.21   0.23   -0.13    10.7     4.6      15.5    23.3
131+171+193+211+335               0.17     0.1      2.53     0.216      51   0.938   0.826   0.23   0.26   +0.03    22.1    12.7      4.07    21.6
94+131+171+193+335                0.11     0.1         4     0.552      13   0.744   0.856   0.21   0.28   -0.10    45.4    14.7      4.68    74.8
94                                0.80     0.1      0.36     0.268      26   0.777   0.837   0.18   0.25   -0.12    33.5     2.9     0.813    35.0
94+131                            0.08     0.0       3.3     0.737       6   0.745    0.71   0.26   0.33   -0.14    68.0    40.2      1.41    77.2
131+193+211+335                   0.10     0.0      2.21     0.158      63   0.958   0.855   0.22   0.27   +0.03    16.9     6.4      6.46    17.2

## By DEM shape (reference x model x Bright)
group                             pix%    SSE%       MSE    relSSE   orth%     EMr     pkR     wP     wR   shift   refM%   modM%       p50   top1%
--------------------------------------------------------------------------------------------------------------------------------------------------
ref uni / model uni / Quiet      75.20     0.7    0.0459     0.197      25    0.88   0.832   0.15   0.16   -0.03     0.0     0.0    0.0107    48.4
ref uni / model uni / Bright      7.49    48.9      32.9     0.711       3   0.877   0.827   0.19   0.21   -0.02     0.0     0.0       1.7    97.2
ref uni / model multi / Quiet     3.62     0.0    0.0408     0.608      13   0.649   0.481   0.26   0.22   -0.20     0.0   100.0  1.17e-11    65.2
ref uni / model multi / Bright    0.22    43.2       999     0.956       1   0.538   0.488   0.30   0.29   -0.12     0.0   100.0        49    96.3
ref multi / model uni / Quiet     8.51     0.3     0.168     0.495      26   0.625   0.687   0.18   0.33   -0.19   100.0     0.0     0.562    18.7
ref multi / model uni / Bright    1.49     3.6      12.1     0.625      15   0.748   0.779   0.21   0.32   -0.15   100.0     0.0      8.13    89.2
ref multi / model multi / Quie    2.55     0.0    0.0547     0.253      34   0.855   0.774   0.28   0.31   -0.05   100.0   100.0     0.148    28.3
ref multi / model multi / Brig    0.92     3.3        18     0.467      23   0.841    0.84   0.29   0.33   -0.05   100.0   100.0      3.72    86.0

## Regression-to-mean check, by reference peak height
group                             pix%    SSE%       MSE    relSSE   orth%     EMr     pkR     wP     wR   shift   refM%   modM%    gPkR    gEMr
------------------------------------------------------------------------------------------------------------------------------------------------
<=0                               7.00     0.0  8.59e-07         -     100       -       -      -      -       -     0.0    38.3       -       -
<0.001                            0.32     0.0     4e-06      88.2      60     4.1    4.34   0.16   0.14   +0.04     0.0     8.0   0.628   0.567
0.001 to 0.0032                   0.64     0.0  5.23e-06      7.97      60    1.57    1.64   0.15   0.14   +0.02     0.1     4.5   0.362   0.343
0.0032 to 0.01                    1.87     0.0  9.03e-06      1.36      58    1.11    1.16   0.15   0.15   +0.02     1.0     3.0   0.514   0.508
0.01 to 0.032                     3.95     0.0  2.28e-05     0.373      47    0.97   0.995   0.15   0.16   -0.00     4.2     2.2   0.677   0.679
0.032 to 0.1                      6.42     0.0  0.000127     0.221      35   0.895   0.898   0.15   0.17   -0.03     8.0     2.6   0.648   0.667
0.1 to 0.32                      10.14     0.0   0.00122     0.206      27   0.837   0.838   0.15   0.17   -0.07    10.9     3.9   0.572   0.585
0.32 to 1                        29.95     0.1   0.00876     0.125      40   0.884   0.902   0.16   0.19   -0.05    14.7     5.2    0.77   0.763
1 to 3.2                         28.08     0.5    0.0884     0.188      32   0.833   0.833   0.17   0.20   -0.06    18.7     5.2   0.747   0.762
3.2 to 10                         9.53     1.2     0.639     0.163      33   0.854   0.797   0.19   0.22   -0.04    17.3     5.9   0.691   0.763
10 to 32                          1.90     1.9      4.98     0.137      40   0.881   0.819   0.22   0.25   -0.02    16.5    12.8   0.763   0.861
32 to 1e+02                       0.20     3.7      92.4     0.305      26   0.755   0.755   0.27   0.28   -0.10    20.5    26.4   0.713   0.755
1e+02 to 3.2e+02                  0.01     7.0   3.1e+03     0.861       8    0.33   0.261   0.36   0.24   -0.51    17.7    27.6   0.192   0.262
3.2e+02 to 1e+03                  0.00    12.5   2.7e+04     0.964       3   0.202   0.112   0.39   0.18   -0.62    10.3    16.9  0.0857   0.166
1e+03 to 3.2e+03                  0.00    16.0  2.32e+05     0.983       1   0.153  0.0699   0.39   0.16   -0.66    10.2    36.5  0.0527   0.128
>=3.2e+03                         0.00    57.2  7.56e+06     0.996       0  0.0619  0.0304   0.39   0.16   -0.69     4.1    52.0   0.031  0.0722

## Worst per-pixel SSE tail (bin-edge approximate)
group                             pix%    SSE%       MSE    relSSE   orth%     EMr     pkR     wP     wR   shift   refM%   modM%  bright%
-----------------------------------------------------------------------------------------------------------------------------------------
worst_0.1pct_approx               0.15    96.8  3.32e+03      0.94       2   0.458   0.412   0.30   0.29   -0.28    26.9    45.1    100.0
worst_1pct_approx                 1.20    98.4       413      0.88       3   0.639   0.572   0.23   0.28   -0.12    27.9    20.1     86.2
remainder                        98.80     1.6    0.0802    0.0819      43   0.876   0.852   0.16   0.19   -0.04    13.3     7.2      9.2
  worst_0.1pct_approx: pixel SSE >= 562; dominant channel of Bright part: 94:61%, 131:7%, 171:1%, 193:0%, 211:4%, 335:27%
  worst_1pct_approx: pixel SSE >= 56.2; dominant channel of Bright part: 94:22%, 131:10%, 171:6%, 193:2%, 211:13%, 335:48%

## Solver scatter (repeated AIA inputs)
groups by number of targets: {'1': 17445, '2': 10338, '3': 3028, '4': 415, '5': 19}; evicted: 29946

## Solver scatter, population
group                             pix%   modelMSE  scatterMSE    biasMSE  scatter%  biasOrth%     check
-------------------------------------------------------------------------------------------------------
full                            100.00        7.1       0.035       7.07       0.5          3   1.1e-15
bright                           10.38         68       0.225       67.8       0.3          2   1.1e-15
quiet                            89.62     0.0537       0.013     0.0406      24.2         28   1.8e-16

## Solver scatter, by intensity over threshold
group                             pix%   modelMSE  scatterMSE    biasMSE  scatter%  biasOrth%     check
-------------------------------------------------------------------------------------------------------
<0.03x                            3.98   0.000344     0.00014   0.000204      40.8          7   2.4e-16
0.03-0.1x                        10.85    0.00152     0.00055   0.000967      36.3         14   6.3e-16
0.1-0.3x                         33.13    0.00946     0.00367    0.00579      38.8         25   0.0e+00
0.3-1x                           41.66      0.107      0.0249     0.0826      23.2         28   2.0e-16
1-1.8x                            6.59      0.474      0.0829      0.391      17.5         38   1.4e-16
1.8-3.2x                          2.45       1.25        0.18       1.07      14.5         47   2.9e-16
3.2-10x                           1.24       8.33       0.497       7.83       6.0         40   3.4e-16
10-32x                            0.08        275        2.75        272       1.0         19   1.6e-16
>=32x                             0.01    6.3e+04        47.1   6.29e+04       0.1          1   1.7e-16

Signed DEM error by logT bin (pred - ref, mean per pixel):
  bright -0.22 -0.08 -0.04 -0.03 -0.05 +0.02 +0.22 +0.20 -0.47 -0.20 -0.56 -0.74 -0.78 -0.84 -0.70 -0.41 -0.22 -0.11
  quiet  -0.04 -0.02 -0.02 -0.01 -0.00 +0.01 +0.03 +0.02 -0.05 -0.05 -0.10 -0.11 -0.07 -0.04 -0.03 -0.02 -0.02 -0.02
  logT    5.50  5.60  5.70  5.80  5.90  6.00  6.10  6.20  6.30  6.40  6.50  6.60  6.70  6.80  6.90  7.00  7.10  7.20
