# Bright-failure diagnostic: BP track, label-free model
model /home/hsr3649/projects/dem/output/experiments/followup/scaled_mlp6_barrier_h336_sqrt_ff12_resample_ep120.pt
blocks 48,960   valid pixel-targets 705,016,779

Columns: pix% share of pixels | SSE% share of total DEM squared error | MSE per bin |
relSSE error energy / reference energy | orth% of SSE orthogonal to the reference curve
(temperature placement) vs along it (scale) | EMr, pkR aggregate predicted/reference emission
and peak height | wP, wR EM-weighted logT width (dex) | shift mean logT pred-ref (dex) |
refM%, modM% multi-peaked | p50 median per-pixel SSE | top1% SSE share of the worst 1%

## Population
group                             pix%    SSE%       MSE    relSSE   orth%     EMr     pkR     wP     wR   shift   refM%   modM%       p50   top1%
--------------------------------------------------------------------------------------------------------------------------------------------------
full                            100.00   100.0      4.21     0.636       9   0.838   0.815   0.16   0.19   -0.05    13.5     5.2    0.0224    98.0
bright                           10.12    98.8      41.1      0.65       9   0.838   0.817   0.21   0.24   -0.04    23.8    12.2      2.57    96.8
quiet                            89.88     1.2    0.0572     0.242      25   0.837   0.813   0.16   0.18   -0.05    12.3     4.4    0.0135    41.5

## By intensity (max over channels of observed/threshold)
group                             pix%    SSE%       MSE    relSSE   orth%     EMr     pkR     wP     wR   shift   refM%   modM%       p50   top1%
--------------------------------------------------------------------------------------------------------------------------------------------------
<0.03x                            3.85     0.0  0.000404     0.686       5     0.8   0.675   0.14   0.14   -0.02     0.9     4.9  8.13e-06    84.7
0.03-0.1x                        10.51     0.0    0.0019     0.406      11   0.848   0.774   0.14   0.15   -0.03     3.2     1.7  0.000214    72.0
0.1-0.3x                         33.02     0.1    0.0101     0.209      20   0.862   0.828   0.15   0.17   -0.06     8.6     3.1   0.00427    49.1
0.3-1x                           42.50     1.1     0.113     0.244      25   0.831    0.81   0.17   0.20   -0.05    18.5     6.1    0.0977    29.7
1-1.8x                            6.53     0.8     0.508     0.156      37    0.87   0.846   0.19   0.23   -0.04    22.5     8.5      1.23    21.5
1.8-3.2x                          2.35     0.8      1.35     0.108      45   0.897   0.868   0.22   0.25   -0.03    24.0    13.0      4.68    19.6
3.2-10x                           1.15     2.5      9.28      0.14      36   0.849    0.85   0.25   0.27   -0.05    29.8    26.2      28.2    18.8
10-32x                            0.08     4.8       262     0.484      19   0.602   0.641   0.33   0.31   -0.20    43.0    73.7  2.24e+03     8.7
>=32x                             0.01    89.9  3.85e+04     0.803       7   0.368   0.243   0.43   0.23   -0.19    18.3    91.8  7.76e+04    67.8

## Bright, by channel with the largest observed/threshold
group                             pix%    SSE%       MSE    relSSE   orth%     EMr     pkR     wP     wR   shift   refM%   modM%       p50   top1%
--------------------------------------------------------------------------------------------------------------------------------------------------
94                                1.96    90.2       194     0.803       7   0.672   0.686   0.20   0.25   -0.10    28.1     9.6      2.04    96.8
131                               1.80     5.6      13.1     0.376      12   0.895   0.859   0.25   0.29   -0.03    56.9    40.5      1.23    95.7
171                               1.73     0.2     0.443    0.0873      58   0.928   0.906   0.19   0.21   -0.02    24.0     7.7     0.617    29.9
193                               0.76     0.1     0.332    0.0527      70   0.971   0.936   0.17   0.19   +0.01     5.9     0.4     0.537    32.7
211                               1.57     0.4      1.14    0.0515      84    1.01     0.9   0.19   0.21   +0.01     5.2     0.6      4.07    27.8
335                               2.30     2.3      4.23     0.173      28   0.768   0.774   0.21   0.24   -0.06    12.8     7.3      13.5    33.4
quiet                            89.88     1.2    0.0572     0.242      25   0.837   0.813   0.16   0.18   -0.05    12.3     4.4    0.0135    41.5

## Bright, inclusive by trigger channel (overlapping)
group                             pix%    SSE%       MSE    relSSE   orth%     EMr     pkR     wP     wR   shift   refM%   modM%       p50   top1%
--------------------------------------------------------------------------------------------------------------------------------------------------
94                                5.27    97.8      78.1     0.664       8   0.827   0.821   0.21   0.24   -0.06    24.6    12.5      3.72    96.7
131                               5.10    97.8      80.6     0.668       8   0.834   0.812   0.24   0.26   -0.03    32.7    21.7      3.55    96.7
171                               4.94    94.3      80.3      0.67       8   0.847   0.829   0.21   0.24   -0.03    26.2    13.6      2.57    97.5
193                               4.93    96.8      82.6     0.659       8   0.859   0.837   0.21   0.23   -0.02    18.4    10.9      3.72    97.1
211                               4.92    97.1      82.9     0.655       9   0.861   0.834   0.21   0.23   -0.02    16.0    10.9      4.68    96.8
335                               5.22    98.3      79.2      0.66       8   0.811   0.797   0.22   0.25   -0.05    19.8    12.7      7.76    96.2

## By number of trigger channels
group                             pix%    SSE%       MSE    relSSE   orth%     EMr     pkR     wP     wR   shift   refM%   modM%       p50   top1%
--------------------------------------------------------------------------------------------------------------------------------------------------
0                                89.88     1.2    0.0572     0.242      25   0.837   0.813   0.16   0.18   -0.05    12.3     4.4    0.0135    41.5
1                                 3.42     0.5     0.669     0.284      22   0.794   0.765   0.19   0.24   -0.06    26.6    11.4      1.23    24.4
2                                 1.69     0.3     0.859      0.21      28   0.871   0.841   0.20   0.23   -0.03    21.9     9.4      1.29    39.9
3                                 1.20     0.7       2.6     0.328      18   0.867    0.84   0.20   0.23   -0.03    23.1     9.5      2.04    71.0
4                                 0.96     0.8      3.35     0.293      20   0.867   0.852   0.20   0.24   -0.03    21.1     9.5      2.82    64.8
5                                 0.90     2.6      12.3     0.466      12   0.859   0.827   0.22   0.24   -0.02    21.5    10.7      4.68    84.2
6                                 1.93    93.7       204     0.679       8    0.83   0.816   0.24   0.26   -0.03    23.5    19.6      10.2    96.4

## Top exact trigger patterns by SSE share
group                             pix%    SSE%       MSE    relSSE   orth%     EMr     pkR     wP     wR   shift   refM%   modM%       p50   top1%
--------------------------------------------------------------------------------------------------------------------------------------------------
94+131+171+193+211+335            1.93    93.7       204     0.679       8    0.83   0.816   0.24   0.26   -0.03    23.5    19.6      10.2    96.4
94+131+193+211+335                0.26     2.3      37.9     0.562       9   0.788   0.787   0.23   0.25   -0.04    14.5    10.6      10.7    80.7
94+131+335                        0.04     0.5      59.8     0.796       7   0.443   0.388   0.31   0.30   -0.16    33.2    65.7      42.7    41.3
94+131+211+335                    0.07     0.4      22.8     0.542      12   0.605   0.698   0.27   0.27   -0.10    16.9    24.4      33.9    38.4
335                               0.90     0.4      1.77     0.426      14   0.622   0.591   0.20   0.24   -0.08    14.4     5.0      12.3    14.5
94+131+193+335                    0.00     0.2       149     0.884       4   0.495   0.372   0.26   0.29   -0.08    37.9    30.4      6.17    50.0
94+335                            0.13     0.1      3.86     0.508      12   0.568   0.626   0.21   0.23   -0.13    10.7     6.0      16.2    22.8
131+171+193+211+335               0.17     0.1      2.49     0.213      51   0.935   0.829   0.23   0.26   +0.03    22.1    13.3      3.89    21.7
94+131+171+193+335                0.11     0.1       3.5     0.484      16   0.747   0.864   0.21   0.28   -0.10    45.4    15.1       4.9    71.5
94                                0.80     0.1     0.359     0.267      26   0.775   0.841   0.18   0.25   -0.12    33.5     3.5     0.776    35.0
94+211+335                        0.10     0.1      2.54     0.198      25   0.813   0.843   0.19   0.21   -0.04     2.3     0.2      5.13    29.7
131+193+211+335                   0.10     0.1      2.17     0.155      62   0.963   0.862   0.23   0.27   +0.03    16.9     7.3      6.46    17.0

## By DEM shape (reference x model x Bright)
group                             pix%    SSE%       MSE    relSSE   orth%     EMr     pkR     wP     wR   shift   refM%   modM%       p50   top1%
--------------------------------------------------------------------------------------------------------------------------------------------------
ref uni / model uni / Quiet      77.64     0.8     0.044     0.195      25   0.877   0.836   0.15   0.16   -0.03     0.0     0.0   0.00813    48.9
ref uni / model uni / Bright      7.44    53.9      30.5     0.589       9   0.897   0.866   0.19   0.21   -0.02     0.0     0.0      1.62    97.3
ref uni / model multi / Quiet     1.18     0.0     0.146     0.598      13    0.69   0.528   0.31   0.24   -0.15     0.0   100.0    0.0407    36.4
ref uni / model multi / Bright    0.27    37.8       597     0.836       6   0.483   0.412   0.31   0.28   -0.11     0.0   100.0      61.7    79.6
ref multi / model uni / Quiet     8.30     0.3     0.168     0.498      25   0.622   0.685   0.18   0.32   -0.19   100.0     0.0     0.537    18.8
ref multi / model uni / Bright    1.45     0.7      2.02     0.246      43   0.765   0.799   0.21   0.32   -0.14   100.0     0.0      7.76    42.3
ref multi / model multi / Quie    2.77     0.0    0.0565     0.242      35   0.843   0.788   0.29   0.32   -0.06   100.0   100.0     0.148    27.8
ref multi / model multi / Brig    0.96     6.3      27.6     0.508      19    0.82   0.824   0.29   0.33   -0.05   100.0   100.0      3.72    89.7

## Regression-to-mean check, by reference peak height
group                             pix%    SSE%       MSE    relSSE   orth%     EMr     pkR     wP     wR   shift   refM%   modM%    gPkR    gEMr
------------------------------------------------------------------------------------------------------------------------------------------------
<=0                               7.00     0.0  1.24e-05         -     100       -       -      -      -       -     0.0     4.9       -       -
<0.001                            0.32     0.0  1.68e-05       370      90    4.77    4.91   0.17   0.14   +0.01     0.0     2.1   0.314   0.307
0.001 to 0.0032                   0.64     0.0  1.73e-05      26.4      88    1.71    1.74   0.16   0.14   -0.00     0.1     1.4   0.246   0.248
0.0032 to 0.01                    1.87     0.0     2e-05      3.02      83    1.11    1.14   0.15   0.15   -0.00     1.0     1.3   0.439   0.441
0.01 to 0.032                     3.95     0.0  3.64e-05     0.594      69   0.943   0.975   0.15   0.16   -0.01     4.2     1.5   0.638   0.631
0.032 to 0.1                      6.42     0.0  0.000148     0.258      43   0.874   0.893   0.14   0.17   -0.04     8.0     2.3   0.627   0.628
0.1 to 0.32                      10.14     0.0   0.00127     0.214      28   0.827   0.839   0.15   0.17   -0.08    10.9     3.8   0.558   0.556
0.32 to 1                        29.95     0.1   0.00879     0.125      41    0.88   0.905   0.16   0.19   -0.05    14.7     5.4   0.767   0.752
1 to 3.2                         28.08     0.6    0.0879     0.187      32   0.832   0.837   0.17   0.20   -0.06    18.7     5.8   0.748   0.758
3.2 to 10                         9.53     1.4     0.632     0.161      33   0.854   0.801   0.19   0.22   -0.04    17.3     6.5   0.695   0.765
10 to 32                          1.90     2.4      5.24     0.144      37   0.872   0.827   0.23   0.25   -0.02    16.5    14.1    0.77   0.852
32 to 1e+02                       0.20     4.5        94      0.31      25   0.736   0.767   0.27   0.28   -0.09    20.5    34.1   0.724   0.735
1e+02 to 3.2e+02                  0.01     7.5  2.76e+03     0.767      10   0.408   0.319   0.41   0.24   -0.20    17.7    83.5   0.258   0.364
3.2e+02 to 1e+03                  0.00    13.2  2.37e+04     0.846       7   0.342   0.201   0.44   0.18   -0.13    10.3    89.2   0.156   0.299
1e+03 to 3.2e+03                  0.00    16.0  1.94e+05      0.82       8   0.376   0.212   0.41   0.16   -0.06    10.2    72.6   0.169   0.337
>=3.2e+03                         0.00    54.4  5.99e+06      0.79       6   0.342   0.224   0.33   0.16   +0.05     4.1    39.8   0.208   0.364

## Worst per-pixel SSE tail (bin-edge approximate)
group                             pix%    SSE%       MSE    relSSE   orth%     EMr     pkR     wP     wR   shift   refM%   modM%  bright%
-----------------------------------------------------------------------------------------------------------------------------------------
worst_0.1pct_approx               0.10    95.7  3.84e+03     0.785       7   0.448   0.409   0.34   0.28   -0.24    23.4    70.0    100.0
worst_1pct_approx                 1.17    98.1       352     0.734       8   0.628   0.585   0.24   0.28   -0.12    27.3    23.8     86.0
remainder                        98.83     1.9    0.0797    0.0799      43   0.875   0.856   0.16   0.19   -0.05    13.3     5.0      9.2
  worst_0.1pct_approx: pixel SSE >= 1e+03; dominant channel of Bright part: 94:69%, 131:5%, 171:0%, 193:0%, 211:1%, 335:25%
  worst_1pct_approx: pixel SSE >= 56.2; dominant channel of Bright part: 94:22%, 131:10%, 171:5%, 193:2%, 211:12%, 335:50%

## Solver scatter (repeated AIA inputs)
groups by number of targets: {'1': 17445, '2': 10338, '3': 3028, '4': 415, '5': 19}; evicted: 29946

## Solver scatter, population
group                             pix%   modelMSE  scatterMSE    biasMSE  scatter%  biasOrth%     check
-------------------------------------------------------------------------------------------------------
full                            100.00       5.85       0.035       5.82       0.6          8   5.8e-16
bright                           10.38       55.9       0.225       55.7       0.4          8   5.9e-16
quiet                            89.62     0.0534       0.013     0.0404      24.4         28   9.3e-17

## Solver scatter, by intensity over threshold
group                             pix%   modelMSE  scatterMSE    biasMSE  scatter%  biasOrth%     check
-------------------------------------------------------------------------------------------------------
<0.03x                            3.98   0.000353     0.00014   0.000213      39.8          7   7.7e-17
0.03-0.1x                        10.85    0.00157     0.00055    0.00102      35.0         16   1.0e-16
0.1-0.3x                         33.13    0.00952     0.00367    0.00586      38.5         26   5.3e-16
0.3-1x                           41.66      0.107      0.0249      0.082      23.3         28   0.0e+00
1-1.8x                            6.59       0.47      0.0829      0.387      17.6         38   5.7e-16
1.8-3.2x                          2.45       1.27        0.18       1.09      14.2         45   4.3e-16
3.2-10x                           1.24       9.28       0.497       8.78       5.4         35   1.5e-16
10-32x                            0.08        265        2.75        263       1.0         19   1.6e-16
>=32x                             0.01   5.11e+04        47.1   5.11e+04       0.1          6   0.0e+00

Signed DEM error by logT bin (pred - ref, mean per pixel):
  bright -0.25 -0.10 -0.04 -0.02 -0.05 +0.02 +0.22 +0.19 -0.43 -0.24 -0.68 -0.85 -0.83 -0.84 -0.66 -0.33 -0.12 -0.03
  quiet  -0.04 -0.02 -0.02 -0.01 -0.00 +0.01 +0.03 +0.02 -0.05 -0.06 -0.10 -0.11 -0.07 -0.04 -0.02 -0.02 -0.02 -0.02
  logT    5.50  5.60  5.70  5.80  5.90  6.00  6.10  6.20  6.30  6.40  6.50  6.60  6.70  6.80  6.90  7.00  7.10  7.20
