# Bright-failure diagnostic: BP track, label-free model
model /home/hsr3649/projects/dem/output/experiments/followup/scaled_mlp6_barrier_h336_resample_mu100.pt
blocks 48,960   valid pixel-targets 705,016,779

Columns: pix% share of pixels | SSE% share of total DEM squared error | MSE per bin |
relSSE error energy / reference energy | orth% of SSE orthogonal to the reference curve
(temperature placement) vs along it (scale) | EMr, pkR aggregate predicted/reference emission
and peak height | wP, wR EM-weighted logT width (dex) | shift mean logT pred-ref (dex) |
refM%, modM% multi-peaked | p50 median per-pixel SSE | top1% SSE share of the worst 1%

## Population
group                             pix%    SSE%       MSE    relSSE   orth%     EMr     pkR     wP     wR   shift   refM%   modM%       p50   top1%
--------------------------------------------------------------------------------------------------------------------------------------------------
full                            100.00   100.0      3.23     0.488      13   0.999    1.01   0.22   0.19   +0.02    13.5    17.2    0.0776    98.2
bright                           10.12    99.0      31.6     0.499      13   0.998    1.01   0.26   0.24   +0.00    23.8    20.7      2.82    97.8
quiet                            89.88     1.0    0.0375     0.159      62       1    1.01   0.21   0.18   +0.02    12.3    16.8    0.0537    33.9

## By intensity (max over channels of observed/threshold)
group                             pix%    SSE%       MSE    relSSE   orth%     EMr     pkR     wP     wR   shift   refM%   modM%       p50   top1%
--------------------------------------------------------------------------------------------------------------------------------------------------
<0.03x                            3.85     0.0   0.00038     0.645      41    1.05     1.1   0.17   0.14   +0.06     0.9    23.0  6.17e-05    78.8
0.03-0.1x                        10.51     0.0   0.00177     0.377      55       1    1.03   0.19   0.15   +0.05     3.2    13.0  0.000933    65.6
0.1-0.3x                         33.02     0.1    0.0099     0.205      49   0.981    1.01   0.20   0.17   +0.04     8.6    14.6    0.0204    38.7
0.3-1x                           42.50     0.9    0.0711     0.154      63       1    1.01   0.22   0.20   +0.01    18.5    19.0     0.234    25.9
1-1.8x                            6.53     0.6     0.314    0.0962      73       1    1.02   0.25   0.23   +0.00    22.5    19.8      1.48    21.3
1.8-3.2x                          2.35     0.6     0.822    0.0661      75   0.995    1.03   0.26   0.25   +0.00    24.0    20.6      5.13    18.1
3.2-10x                           1.15     1.2      3.36    0.0508      81       1    1.02   0.28   0.27   -0.00    29.8    25.0      25.7    13.8
10-32x                            0.08     1.5        63     0.116      65    1.04   0.984   0.35   0.31   +0.02    43.0    34.0       447    18.3
>=32x                             0.01    95.0  3.12e+04     0.651      10   0.853   0.631   0.28   0.23   -0.03    18.3    23.6  2.24e+04    80.4

## Bright, by channel with the largest observed/threshold
group                             pix%    SSE%       MSE    relSSE   orth%     EMr     pkR     wP     wR   shift   refM%   modM%       p50   top1%
--------------------------------------------------------------------------------------------------------------------------------------------------
94                                1.96    87.1       144     0.595      12   0.977   0.932   0.25   0.25   -0.03    28.1    17.5      2.14    99.1
131                               1.80    10.1      18.1     0.519       8    1.04    1.01   0.35   0.29   +0.03    56.9    58.2      1.78    97.2
171                               1.73     0.2     0.346    0.0681      79       1    1.02   0.22   0.21   -0.00    24.0    22.5      1.29    25.4
193                               0.76     0.1     0.225    0.0357      79    1.02    1.02   0.20   0.19   +0.01     5.9     3.7      1.02    32.3
211                               1.57     0.7      1.39    0.0628      82   0.933    1.07   0.22   0.21   -0.02     5.2     1.8      7.76    20.8
335                               2.30     0.9      1.22    0.0499      76    1.03   0.996   0.26   0.24   +0.01    12.8    11.2      5.37    24.6
quiet                            89.88     1.0    0.0375     0.159      62       1    1.01   0.21   0.18   +0.02    12.3    16.8    0.0537    33.9

## Bright, inclusive by trigger channel (overlapping)
group                             pix%    SSE%       MSE    relSSE   orth%     EMr     pkR     wP     wR   shift   refM%   modM%       p50   top1%
--------------------------------------------------------------------------------------------------------------------------------------------------
94                                5.27    98.2      60.2     0.512      12   0.992   0.997   0.26   0.24   -0.01    24.6    18.8      4.27    98.2
131                               5.10    98.3      62.1     0.515      12       1   0.993   0.29   0.26   +0.01    32.7    30.2      4.07    98.1
171                               4.94    96.4        63     0.525      12   0.997   0.998   0.26   0.24   -0.00    26.2    22.7      3.24    98.4
193                               4.93    97.9        64     0.511      12   0.992       1   0.24   0.23   -0.00    18.4    14.6      4.47    98.2
211                               4.92    97.9      64.2     0.507      12   0.987    1.01   0.24   0.23   -0.01    16.0    12.1      6.17    98.1
335                               5.22    98.5      60.8     0.507      13   0.999       1   0.26   0.25   +0.00    19.8    16.6      6.17    97.9

## By number of trigger channels
group                             pix%    SSE%       MSE    relSSE   orth%     EMr     pkR     wP     wR   shift   refM%   modM%       p50   top1%
--------------------------------------------------------------------------------------------------------------------------------------------------
0                                89.88     1.0    0.0375     0.159      62       1    1.01   0.21   0.18   +0.02    12.3    16.8    0.0537    33.9
1                                 3.42     0.4     0.385     0.163      69    1.02    1.04   0.26   0.24   +0.00    26.6    24.5      1.41    28.5
2                                 1.69     0.2     0.404    0.0988      64       1    1.01   0.25   0.23   -0.00    21.9    19.6      1.62    33.9
3                                 1.20     0.4      1.19      0.15      48   0.997       1   0.25   0.23   -0.00    23.1    19.7      2.34    68.4
4                                 0.96     0.4      1.35     0.118      51   0.995    1.01   0.25   0.24   -0.00    21.1    17.8      3.24    61.1
5                                 0.90     1.5      5.41     0.206      40   0.992       1   0.26   0.24   -0.00    21.5    17.5       4.9    84.6
6                                 1.93    96.0       160     0.534      12   0.993   0.995   0.27   0.26   -0.00    23.5    18.6      12.9    98.3

## Top exact trigger patterns by SSE share
group                             pix%    SSE%       MSE    relSSE   orth%     EMr     pkR     wP     wR   shift   refM%   modM%       p50   top1%
--------------------------------------------------------------------------------------------------------------------------------------------------
94+131+171+193+211+335            1.93    96.0       160     0.534      12   0.993   0.995   0.27   0.26   -0.00    23.5    18.6      12.9    98.3
94+131+193+211+335                0.26     1.3      16.3     0.242      37   0.987   0.985   0.27   0.25   -0.01    14.5     8.7      12.3    89.4
94+131+335                        0.04     0.3      25.9     0.344      34    1.02   0.857   0.32   0.30   +0.01    33.2    34.3      10.2    61.9
335                               0.90     0.2     0.794     0.191      70    1.07    1.06   0.25   0.24   +0.02    14.4    12.7      3.72    19.7
94+131+193+335                    0.00     0.1      90.7      0.54      23   0.932   0.637   0.33   0.29   +0.02    37.9    45.0      3.24    59.7
94+131+211+335                    0.07     0.1      5.12     0.122      48    1.04   0.972   0.29   0.27   +0.01    16.9    13.3      13.5    65.8
131+171+193+211+335               0.17     0.1      1.39     0.119      65   0.991   0.989   0.27   0.26   +0.01    22.1    16.7      5.37    21.0
131                               0.67     0.1     0.312     0.303      68    1.09    1.03   0.37   0.29   +0.05    57.0    65.9     0.977    36.5
94+131+171+193+335                0.11     0.1      1.73     0.238      35    1.04   0.966   0.31   0.28   +0.01    45.4    42.1      2.95    81.7
94                                0.80     0.1     0.224     0.167      54   0.938   0.976   0.24   0.25   -0.04    33.5    20.0     0.977    24.4
94+193+211+335                    0.22     0.0     0.666     0.051      76   0.959    1.04   0.19   0.19   -0.01     2.5     0.6      4.07    13.7
193+211+335                       0.21     0.0     0.664    0.0704      77   0.969    1.04   0.21   0.20   -0.01     3.2     0.6      3.72    14.1

## By DEM shape (reference x model x Bright)
group                             pix%    SSE%       MSE    relSSE   orth%     EMr     pkR     wP     wR   shift   refM%   modM%       p50   top1%
--------------------------------------------------------------------------------------------------------------------------------------------------
ref uni / model uni / Quiet      70.23     0.7    0.0302     0.127      63    1.01    1.01   0.19   0.16   +0.02     0.0     0.0    0.0427    37.7
ref uni / model uni / Bright      7.19    14.4      6.45     0.211      39   0.996    1.01   0.23   0.21   -0.00     0.0     0.0      2.34    90.1
ref uni / model multi / Quiet     8.59     0.1    0.0494     0.385      60    1.08    1.03   0.32   0.19   +0.13     0.0   100.0    0.0141    35.8
ref uni / model multi / Bright    0.52    80.4       498     0.729       6    1.01   0.851   0.33   0.24   +0.07     0.0   100.0      4.07    99.9
ref multi / model uni / Quiet     4.53     0.1    0.0841     0.275      59   0.856   0.981   0.24   0.33   -0.08   100.0     0.0     0.389    21.1
ref multi / model uni / Bright    0.84     0.9      3.48     0.139      62   0.969    1.03   0.28   0.31   -0.06   100.0     0.0      5.37    70.8
ref multi / model multi / Quie    6.53     0.1    0.0672     0.213      57   0.969   0.995   0.33   0.32   +0.02   100.0   100.0     0.309    19.8
ref multi / model multi / Brig    1.57     3.3      6.84     0.248      44    1.02   0.997   0.36   0.32   +0.02   100.0   100.0      3.55    89.6

## Regression-to-mean check, by reference peak height
group                             pix%    SSE%       MSE    relSSE   orth%     EMr     pkR     wP     wR   shift   refM%   modM%    gPkR    gEMr
------------------------------------------------------------------------------------------------------------------------------------------------
<=0                               7.00     0.0   0.00262         -     100       -       -      -      -       -     0.0    41.3       -       -
<0.001                            0.32     0.0   0.00274  6.04e+04     100      50    76.1   0.25   0.14   +0.30     0.0    22.8    12.2    14.4
0.001 to 0.0032                   0.64     0.0   0.00284  4.33e+03      99    12.9    19.1   0.25   0.14   +0.26     0.1    19.8     3.5    3.99
0.0032 to 0.01                    1.87     0.0   0.00308       465      99     4.8    6.91   0.23   0.15   +0.20     1.0    17.1    1.95    2.02
0.01 to 0.032                     3.95     0.0   0.00428      69.9      98     2.4    3.08   0.22   0.16   +0.14     4.2    14.0    1.36    1.39
0.032 to 0.1                      6.42     0.0    0.0064      11.2      95    1.57    1.74   0.21   0.17   +0.08     8.0    11.8     1.1    1.15
0.1 to 0.32                      10.14     0.0   0.00932      1.57      87    1.18    1.25   0.20   0.17   +0.03    10.9    12.7   0.951   0.975
0.32 to 1                        29.95     0.2    0.0179     0.255      80    1.06    1.06   0.21   0.19   +0.01    14.7    15.6   0.967   0.994
1 to 3.2                         28.08     0.6    0.0718     0.153      71   0.995    1.02   0.22   0.20   -0.01    18.7    17.2   0.965   0.962
3.2 to 10                         9.53     1.0      0.34    0.0869      66   0.973   0.988   0.23   0.22   -0.00    17.3    15.0   0.949   0.954
10 to 32                          1.90     1.3      2.13    0.0586      75   0.984    1.01   0.26   0.25   -0.00    16.5    13.0   0.989   0.973
32 to 1e+02                       0.20     1.3      21.1    0.0697      79    1.02    1.01   0.30   0.28   +0.00    20.5    14.0   0.995    1.01
1e+02 to 3.2e+02                  0.01     2.9       834     0.232      50   0.945    0.81   0.28   0.24   -0.02    17.7    17.3   0.769    0.92
3.2e+02 to 1e+03                  0.00     8.3  1.14e+04     0.409      34    0.83   0.597   0.26   0.18   -0.04    10.3    24.3   0.561     0.8
1e+03 to 3.2e+03                  0.00    13.9  1.29e+05     0.546      23   0.749   0.433   0.26   0.16   -0.04    10.2    58.5   0.406    0.73
>=3.2e+03                         0.00    70.4  5.95e+06     0.785       4   0.417   0.216   0.26   0.16   -0.02     4.1    94.4   0.247   0.518

## Worst per-pixel SSE tail (bin-edge approximate)
group                             pix%    SSE%       MSE    relSSE   orth%     EMr     pkR     wP     wR   shift   refM%   modM%  bright%
-----------------------------------------------------------------------------------------------------------------------------------------
worst_0.1pct_approx               0.18    97.1  1.73e+03     0.599      12   0.976    0.88   0.31   0.29   +0.03    28.9    21.1     99.5
worst_1pct_approx                 1.21    98.3       261     0.555      12   0.977   0.972   0.28   0.27   +0.02    25.1    21.0     87.7
remainder                        98.79     1.7    0.0553    0.0614      73       1    1.02   0.21   0.19   +0.02    13.3    17.2      9.2
  worst_0.1pct_approx: pixel SSE >= 178; dominant channel of Bright part: 94:42%, 131:13%, 171:2%, 193:1%, 211:18%, 335:24%
  worst_1pct_approx: pixel SSE >= 31.6; dominant channel of Bright part: 94:21%, 131:13%, 171:6%, 193:1%, 211:27%, 335:31%

## Solver scatter (repeated AIA inputs)
groups by number of targets: {'1': 17445, '2': 10338, '3': 3028, '4': 415, '5': 19}; evicted: 29946

## Solver scatter, population
group                             pix%   modelMSE  scatterMSE    biasMSE  scatter%  biasOrth%     check
-------------------------------------------------------------------------------------------------------
full                            100.00       4.83       0.035        4.8       0.7          9   1.2e-16
bright                           10.38       46.3       0.225         46       0.5          9   1.2e-16
quiet                            89.62     0.0344       0.013     0.0214      37.8         70   3.6e-16

## Solver scatter, by intensity over threshold
group                             pix%   modelMSE  scatterMSE    biasMSE  scatter%  biasOrth%     check
-------------------------------------------------------------------------------------------------------
<0.03x                            3.98   0.000346     0.00014   0.000206      40.5         46   3.9e-16
0.03-0.1x                        10.85    0.00151     0.00055   0.000958      36.5         58   1.4e-15
0.1-0.3x                         33.13     0.0093     0.00367    0.00564      39.4         59   1.6e-15
0.3-1x                           41.66     0.0661      0.0249     0.0412      37.7         71   8.1e-16
1-1.8x                            6.59       0.29      0.0829      0.207      28.6         77   1.2e-16
1.8-3.2x                          2.45      0.775        0.18      0.595      23.3         79   8.2e-16
3.2-10x                           1.24       3.32       0.497       2.82      15.0         83   1.1e-16
10-32x                            0.08       64.1        2.75       61.4       4.3         64   0.0e+00
>=32x                             0.01   4.41e+04        47.1   4.41e+04       0.1          7   0.0e+00

Signed DEM error by logT bin (pred - ref, mean per pixel):
  bright +0.11 +0.13 +0.03 -0.07 +0.01 +0.04 -0.00 -0.18 +0.32 -0.33 -0.19 +0.06 +0.18 -0.16 -0.22 +0.06 +0.10 +0.05
  quiet  +0.00 +0.01 +0.00 -0.00 +0.01 -0.00 -0.02 -0.01 +0.04 -0.01 -0.01 +0.00 +0.00 -0.00 -0.00 +0.00 -0.00 +0.00
  logT    5.50  5.60  5.70  5.80  5.90  6.00  6.10  6.20  6.30  6.40  6.50  6.60  6.70  6.80  6.90  7.00  7.10  7.20
