# Bright-failure diagnostic: BP track, label-free model
model /home/hsr3649/projects/dem/output/experiments/followup/scaled_mlp6_barrier_h1800_sqrt_ff12_resample_mu100.pt
blocks 48,960   valid pixel-targets 705,016,779

Columns: pix% share of pixels | SSE% share of total DEM squared error | MSE per bin |
relSSE error energy / reference energy | orth% of SSE orthogonal to the reference curve
(temperature placement) vs along it (scale) | EMr, pkR aggregate predicted/reference emission
and peak height | wP, wR EM-weighted logT width (dex) | shift mean logT pred-ref (dex) |
refM%, modM% multi-peaked | p50 median per-pixel SSE | top1% SSE share of the worst 1%

## Population
group                             pix%    SSE%       MSE    relSSE   orth%     EMr     pkR     wP     wR   shift   refM%   modM%       p50   top1%
--------------------------------------------------------------------------------------------------------------------------------------------------
full                            100.00   100.0      35.7       5.4      80   0.982   0.977   0.20   0.19   +0.00    13.5    16.1    0.0407    99.9
bright                           10.12    99.8       352      5.57      80    0.99   0.978   0.25   0.24   -0.00    23.8    23.9      1.62    99.9
quiet                            89.88     0.2    0.0696     0.295      66   0.973   0.977   0.19   0.18   +0.00    12.3    15.2    0.0269    70.7

## By intensity (max over channels of observed/threshold)
group                             pix%    SSE%       MSE    relSSE   orth%     EMr     pkR     wP     wR   shift   refM%   modM%       p50   top1%
--------------------------------------------------------------------------------------------------------------------------------------------------
<0.03x                            3.85     0.0  0.000338     0.574      26   0.933   0.914   0.15   0.14   +0.03     0.9    23.9  2.95e-05    83.6
0.03-0.1x                        10.51     0.0   0.00164      0.35      47   0.926   0.961   0.15   0.15   -0.00     3.2    11.4  0.000468    69.5
0.1-0.3x                         33.02     0.0   0.00887     0.183      41   0.949   0.966   0.18   0.17   +0.00     8.6    11.8   0.00977    43.3
0.3-1x                           42.50     0.2      0.14     0.304      67   0.979   0.979   0.21   0.20   +0.00    18.5    18.1     0.129    68.5
1-1.8x                            6.53    58.3       319      97.7      81   0.994   0.997   0.24   0.23   -0.00    22.5    22.3     0.813    99.9
1.8-3.2x                          2.35    36.3       552      44.4      87   0.988       1   0.25   0.25   -0.00    24.0    23.8      2.82    99.9
3.2-10x                           1.15     0.1      2.25    0.0339      77   0.993   0.993   0.28   0.27   -0.01    29.8    31.4      14.8    18.1
10-32x                            0.08     0.1      32.7    0.0604      60    1.01   0.933   0.33   0.31   -0.00    43.0    45.8       195    26.4
>=32x                             0.01     5.1  1.84e+04     0.384      14   0.918    0.61   0.26   0.23   -0.02    18.3    19.6  5.89e+03    83.7

## Bright, by channel with the largest observed/threshold
group                             pix%    SSE%       MSE    relSSE   orth%     EMr     pkR     wP     wR   shift   refM%   modM%       p50   top1%
--------------------------------------------------------------------------------------------------------------------------------------------------
94                                1.96    99.2  1.81e+03       7.5      80   0.988   0.904   0.25   0.25   -0.02    28.1    24.0      1.35   100.0
131                               1.80     0.5      9.91     0.285      25    1.01    0.97   0.32   0.29   +0.01    56.9    59.8      1.07    96.0
171                               1.73     0.0      0.31    0.0611      76   0.997       1   0.22   0.21   -0.00    24.0    22.1     0.776    30.1
193                               0.76     0.0     0.218    0.0346      72       1   0.995   0.19   0.19   +0.01     5.9     7.1     0.513    39.6
211                               1.57     0.0     0.849    0.0384      78    0.94    1.02   0.21   0.21   -0.01     5.2     5.1      3.89    23.8
335                               2.30     0.1      1.02    0.0416      72    1.01   0.992   0.24   0.24   +0.01    12.8    15.3      3.55    25.8
quiet                            89.88     0.2    0.0696     0.295      66   0.973   0.977   0.19   0.18   +0.00    12.3    15.2    0.0269    70.7

## Bright, inclusive by trigger channel (overlapping)
group                             pix%    SSE%       MSE    relSSE   orth%     EMr     pkR     wP     wR   shift   refM%   modM%       p50   top1%
--------------------------------------------------------------------------------------------------------------------------------------------------
94                                5.27    99.8       676      5.75      80   0.988   0.968   0.25   0.24   -0.01    24.6    23.0      2.45    99.9
131                               5.10     5.3      36.8     0.305      16   0.988    0.96   0.28   0.26   -0.00    32.7    33.7      2.45    97.9
171                               4.94     5.1      37.2      0.31      16   0.988   0.966   0.25   0.24   -0.01    26.2    25.4      1.86    98.2
193                               4.93     5.2      37.8     0.302      16   0.984    0.97   0.24   0.23   -0.01    18.4    18.8      2.57    98.0
211                               4.92     5.2      37.9     0.299      16   0.979   0.973   0.24   0.23   -0.01    16.0    16.9      3.39    97.9
335                               5.22     5.3        36     0.301      17   0.988   0.972   0.25   0.25   -0.00    19.8    20.9      3.89    97.5

## By number of trigger channels
group                             pix%    SSE%       MSE    relSSE   orth%     EMr     pkR     wP     wR   shift   refM%   modM%       p50   top1%
--------------------------------------------------------------------------------------------------------------------------------------------------
0                                89.88     0.2    0.0696     0.295      66   0.973   0.977   0.19   0.18   +0.00    12.3    15.2    0.0269    70.7
1                                 3.42    94.6       986       419      84    1.03    1.03   0.24   0.24   +0.01    26.6    27.1     0.776   100.0
2                                 1.69     0.0     0.365    0.0894      58   0.983   0.979   0.23   0.23   -0.00    21.9    21.0     0.891    39.8
3                                 1.20     0.0     0.904     0.114      45   0.981   0.975   0.24   0.23   -0.01    23.1    21.9      1.35    66.4
4                                 0.96     0.0     0.975    0.0852      50    0.98   0.984   0.24   0.24   -0.01    21.1    20.9      1.86    58.4
5                                 0.90     0.1      3.36     0.128      37   0.979    0.97   0.25   0.24   -0.01    21.5    21.9      2.95    80.7
6                                 1.93     5.1      94.4     0.315      16   0.986   0.961   0.26   0.26   -0.01    23.5    24.3      6.76    98.4

## Top exact trigger patterns by SSE share
group                             pix%    SSE%       MSE    relSSE   orth%     EMr     pkR     wP     wR   shift   refM%   modM%       p50   top1%
--------------------------------------------------------------------------------------------------------------------------------------------------
94                                0.80    94.5   4.2e+03  3.12e+03      84    1.08    1.01   0.25   0.25   -0.03    33.5    28.1     0.617   100.0
94+131+171+193+211+335            1.93     5.1      94.4     0.315      16   0.986   0.961   0.26   0.26   -0.01    23.5    24.3      6.76    98.4
94+131+193+211+335                0.26     0.1      9.39     0.139      31   0.967   0.951   0.26   0.25   -0.02    14.5    13.9      7.08    89.1
335                               0.90     0.0     0.843     0.203      67    1.05    1.07   0.23   0.24   +0.02    14.4    16.4      2.45    22.2
94+131+335                        0.04     0.0      17.5     0.233      29   0.992    0.81   0.31   0.30   +0.00    33.2    37.5      6.17    70.0
131+171+193+211+335               0.17     0.0      1.64      0.14      56   0.977   0.948   0.26   0.26   +0.01    22.1    26.5      3.09    26.3
94+131+193+335                    0.00     0.0      57.9     0.345      22   0.946   0.647   0.30   0.29   +0.00    37.9    49.9      2.45    67.5
94+131+211+335                    0.07     0.0         3    0.0713      44   0.998   0.956   0.28   0.27   -0.00    16.9    18.8      8.13    64.4
131                               0.67     0.0     0.286     0.278      59    1.04   0.959   0.34   0.29   +0.03    57.0    64.0     0.562    35.6
131+193+211+335                   0.10     0.0       1.4       0.1      66   0.958   0.984   0.27   0.27   +0.01    16.9    24.4      5.13    21.6
94+131+171+193+335                0.11     0.0      1.29     0.178      38    1.01   0.965   0.29   0.28   -0.01    45.4    39.0      1.95    79.3
193+211+335                       0.21     0.0     0.562    0.0596      73   0.961   0.998   0.20   0.20   -0.00     3.2     3.5      2.24    18.7

## By DEM shape (reference x model x Bright)
group                             pix%    SSE%       MSE    relSSE   orth%     EMr     pkR     wP     wR   shift   refM%   modM%       p50   top1%
--------------------------------------------------------------------------------------------------------------------------------------------------
ref uni / model uni / Quiet      71.58     0.0    0.0231     0.102      55   0.988   0.985   0.17   0.16   +0.01     0.0     0.0    0.0186    42.3
ref uni / model uni / Bright      7.05     4.9        25      0.32      15   0.987   0.976   0.22   0.21   -0.00     0.0     0.0      1.12    98.5
ref uni / model multi / Quiet     7.24     0.1     0.535      2.49      73    1.02   0.949   0.32   0.21   +0.05     0.0   100.0    0.0155    89.8
ref uni / model multi / Bright    0.65    94.7  5.16e+03       139      84    1.07   0.959   0.31   0.26   +0.06     0.0   100.0      6.46   100.0
ref multi / model uni / Quiet     4.62     0.0    0.0711     0.269      50   0.812   0.914   0.22   0.32   -0.11   100.0     0.0     0.282    19.3
ref multi / model uni / Bright    0.65     0.0      1.67     0.081      61   0.943   0.998   0.26   0.31   -0.06   100.0     0.0      3.72    63.5
ref multi / model multi / Quie    6.44     0.0    0.0625     0.181      52   0.954   0.959   0.33   0.32   -0.00   100.0   100.0     0.195    22.7
ref multi / model multi / Brig    1.76     0.2      3.58     0.124      50   0.993   0.987   0.34   0.32   -0.00   100.0   100.0      2.57    82.6

## Regression-to-mean check, by reference peak height
group                             pix%    SSE%       MSE    relSSE   orth%     EMr     pkR     wP     wR   shift   refM%   modM%    gPkR    gEMr
------------------------------------------------------------------------------------------------------------------------------------------------
<=0                               7.00     0.7      3.61         -     100       -       -      -      -       -     0.0    43.6       -       -
<0.001                            0.32     0.0   0.00223  4.91e+04      99    41.9    58.2   0.21   0.14   +0.12     0.0     9.0    3.34     4.2
0.001 to 0.0032                   0.64     0.0   0.00241  3.67e+03      99    10.9    14.7   0.20   0.14   +0.11     0.1     5.8    1.23    1.46
0.0032 to 0.01                    1.87     0.0   0.00268       405      99    4.18    5.44   0.19   0.15   +0.10     1.0     5.0    1.04    1.15
0.01 to 0.032                     3.95     0.0   0.00379        62      98    2.18    2.58   0.18   0.16   +0.07     4.2     5.6    1.04    1.09
0.032 to 0.1                      6.42     0.0   0.00595      10.4      95    1.44    1.56   0.17   0.17   +0.03     8.0     7.4   0.953   0.989
0.1 to 0.32                      10.14     7.4      26.2  4.42e+03      74    1.13    1.17   0.18   0.17   -0.01    10.9    10.2   0.856   0.868
0.32 to 1                        29.95    13.8      16.4       234      82    1.03    1.03   0.19   0.19   -0.01    14.7    13.4   0.939    0.95
1 to 3.2                         28.08    72.7      92.4       196      85   0.976   0.989   0.20   0.20   -0.01    18.7    17.5    0.94    0.94
3.2 to 10                         9.53     0.2     0.604     0.154      76   0.961   0.958   0.22   0.22   -0.00    17.3    18.9   0.921   0.943
10 to 32                          1.90     0.1      1.64     0.045      67   0.975   0.972   0.25   0.25   -0.00    16.5    20.2   0.949   0.965
32 to 1e+02                       0.20     0.1      11.4    0.0376      75   0.993   0.967   0.29   0.28   -0.01    20.5    24.9   0.961   0.989
1e+02 to 3.2e+02                  0.01     0.1       335    0.0931      42    0.97   0.766   0.26   0.24   -0.01    17.7    19.5    0.75   0.956
3.2e+02 to 1e+03                  0.00     0.4  5.63e+03     0.201      28   0.898   0.561   0.23   0.18   -0.02    10.3    12.3    0.54   0.877
1e+03 to 3.2e+03                  0.00     0.7  7.22e+04     0.306      25   0.868    0.44   0.22   0.16   -0.02    10.2    12.3   0.413   0.844
>=3.2e+03                         0.00     3.9  3.67e+06     0.483      11   0.676   0.318   0.22   0.16   -0.01     4.1    11.2   0.326   0.751

## Worst per-pixel SSE tail (bin-edge approximate)
group                             pix%    SSE%       MSE    relSSE   orth%     EMr     pkR     wP     wR   shift   refM%   modM%  bright%
-----------------------------------------------------------------------------------------------------------------------------------------
worst_0.1pct_approx               0.13    99.8  2.71e+04      7.03      80    1.02   0.804   0.30   0.30   +0.07    28.7    41.2     98.7
worst_1pct_approx                 1.73    99.9  2.06e+03      6.25      80   0.974    0.91   0.27   0.28   +0.05    26.2    37.5     76.8
remainder                        98.27     0.1    0.0369    0.0403      68   0.984   0.992   0.20   0.19   +0.00    13.2    15.7      8.9
  worst_0.1pct_approx: pixel SSE >= 178; dominant channel of Bright part: 94:38%, 131:16%, 171:3%, 193:1%, 211:12%, 335:29%
  worst_1pct_approx: pixel SSE >= 17.8; dominant channel of Bright part: 94:19%, 131:14%, 171:9%, 193:2%, 211:23%, 335:33%

## Solver scatter (repeated AIA inputs)
groups by number of targets: {'1': 17445, '2': 10338, '3': 3028, '4': 415, '5': 19}; evicted: 29946

## Solver scatter, population
group                             pix%   modelMSE  scatterMSE    biasMSE  scatter%  biasOrth%     check
-------------------------------------------------------------------------------------------------------
full                            100.00       22.3       0.035       22.2       0.2         74   4.1e-16
bright                           10.38        214       0.225        214       0.1         74   4.1e-16
quiet                            89.62     0.0753       0.013     0.0623      17.3         76   3.9e-16

## Solver scatter, by intensity over threshold
group                             pix%   modelMSE  scatterMSE    biasMSE  scatter%  biasOrth%     check
-------------------------------------------------------------------------------------------------------
<0.03x                            3.98    0.00031     0.00014    0.00017      45.2         28   1.8e-16
0.03-0.1x                        10.85    0.00138     0.00055   0.000832      39.8         47   1.2e-16
0.1-0.3x                         33.13    0.00833     0.00367    0.00466      44.0         48   5.0e-16
0.3-1x                           41.66      0.155      0.0249       0.13      16.1         77   2.3e-15
1-1.8x                            6.59        294      0.0829        294       0.0         82   2.5e-15
1.8-3.2x                          2.45      0.607        0.18      0.427      29.7         74   3.0e-16
3.2-10x                           1.24       2.17       0.497       1.67      22.9         81   0.0e+00
10-32x                            0.08       32.4        2.75       29.6       8.5         59   3.3e-16
>=32x                             0.01   2.58e+04        47.1   2.58e+04       0.2         12   2.1e-16

Signed DEM error by logT bin (pred - ref, mean per pixel):
  bright -0.06 +0.13 +0.11 -0.00 +0.06 -0.05 -0.08 +0.03 +0.12 -0.13 -0.18 -0.02 +0.01 -0.12 -0.17 -0.04 +0.04 +0.06
  quiet  -0.02 +0.00 +0.00 -0.00 +0.01 -0.00 -0.01 +0.00 +0.02 -0.01 -0.02 -0.02 -0.01 -0.01 -0.01 -0.01 -0.00 +0.00
  logT    5.50  5.60  5.70  5.80  5.90  6.00  6.10  6.20  6.30  6.40  6.50  6.60  6.70  6.80  6.90  7.00  7.10  7.20
