# Bright-failure diagnostic: BP track, label-free model
model /home/hsr3649/projects/dem/output/experiments/followup/scaled_mlp6_barrier_h336_sqrt_ff12_resample_mu100_ep120.pt
blocks 48,960   valid pixel-targets 705,016,779

Columns: pix% share of pixels | SSE% share of total DEM squared error | MSE per bin |
relSSE error energy / reference energy | orth% of SSE orthogonal to the reference curve
(temperature placement) vs along it (scale) | EMr, pkR aggregate predicted/reference emission
and peak height | wP, wR EM-weighted logT width (dex) | shift mean logT pred-ref (dex) |
refM%, modM% multi-peaked | p50 median per-pixel SSE | top1% SSE share of the worst 1%

## Population
group                             pix%    SSE%       MSE    relSSE   orth%     EMr     pkR     wP     wR   shift   refM%   modM%       p50   top1%
--------------------------------------------------------------------------------------------------------------------------------------------------
full                            100.00   100.0         2     0.302      15   0.985   0.972   0.20   0.19   -0.00    13.5    16.3    0.0407    97.9
bright                           10.12    98.5      19.4     0.308      15   0.991   0.975   0.24   0.24   -0.00    23.8    22.0      1.41    97.9
quiet                            89.88     1.5    0.0323     0.137      54   0.979   0.969   0.19   0.18   -0.00    12.3    15.6    0.0269    38.4

## By intensity (max over channels of observed/threshold)
group                             pix%    SSE%       MSE    relSSE   orth%     EMr     pkR     wP     wR   shift   refM%   modM%       p50   top1%
--------------------------------------------------------------------------------------------------------------------------------------------------
<0.03x                            3.85     0.0  0.000326     0.553      17   0.957   0.895   0.15   0.14   +0.01     0.9    24.0  2.69e-05    82.6
0.03-0.1x                        10.51     0.0   0.00138     0.295      28   0.947   0.903   0.16   0.15   -0.00     3.2    14.2  0.000447    65.8
0.1-0.3x                         33.02     0.1   0.00851     0.176      37   0.962   0.947   0.18   0.17   +0.00     8.6    12.6   0.00977    43.3
0.3-1x                           42.50     1.3    0.0613     0.133      56   0.983   0.975   0.21   0.20   -0.00    18.5    17.6     0.129    29.6
1-1.8x                            6.53     0.8     0.249    0.0764      68   0.991   0.991   0.23   0.23   -0.00    22.5    20.5     0.776    27.2
1.8-3.2x                          2.35     0.7      0.57    0.0458      72   0.993   0.994   0.25   0.25   -0.00    24.0    22.0      2.45    27.3
3.2-10x                           1.15     1.1      1.83    0.0277      76   0.995   0.989   0.27   0.27   -0.01    29.8    28.6      11.7    19.0
10-32x                            0.08     1.1      27.6    0.0509      59       1   0.942   0.33   0.31   -0.01    43.0    45.1       155    29.3
>=32x                             0.01    94.9  1.93e+04     0.403      13   0.917    0.65   0.25   0.23   -0.02    18.3    23.4  4.47e+03    85.6

## Bright, by channel with the largest observed/threshold
group                             pix%    SSE%       MSE    relSSE   orth%     EMr     pkR     wP     wR   shift   refM%   modM%       p50   top1%
--------------------------------------------------------------------------------------------------------------------------------------------------
94                                1.96    88.2        90     0.373      14   0.969   0.903   0.25   0.25   -0.02    28.1    23.3      1.23    99.3
131                               1.80     8.5      9.47     0.272      12    1.01   0.985   0.31   0.29   -0.00    56.9    57.5     0.977    96.4
171                               1.73     0.2     0.268    0.0527      76   0.991       1   0.21   0.21   -0.00    24.0    21.3     0.708    29.7
193                               0.76     0.1       0.2    0.0318      75       1   0.992   0.19   0.19   +0.00     5.9     5.2      0.49    37.8
211                               1.57     0.5     0.649    0.0294      81   0.964    1.01   0.21   0.21   -0.01     5.2     3.1      2.82    26.8
335                               2.30     1.0     0.859    0.0351      71    1.02   0.984   0.24   0.24   +0.01    12.8    12.1      3.09    25.2
quiet                            89.88     1.5    0.0323     0.137      54   0.979   0.969   0.19   0.18   -0.00    12.3    15.6    0.0269    38.4

## Bright, inclusive by trigger channel (overlapping)
group                             pix%    SSE%       MSE    relSSE   orth%     EMr     pkR     wP     wR   shift   refM%   modM%       p50   top1%
--------------------------------------------------------------------------------------------------------------------------------------------------
94                                5.27    97.6        37     0.315      14   0.985   0.965   0.24   0.24   -0.01    24.6    21.7      2.04    98.5
131                               5.10    97.7      38.2     0.317      14   0.991   0.963   0.27   0.26   -0.00    32.7    31.5      2.14    98.4
171                               4.94    95.9      38.8     0.323      14   0.989   0.967   0.24   0.24   -0.01    26.2    23.8      1.62    98.6
193                               4.93    97.2      39.4     0.315      14   0.988    0.97   0.23   0.23   -0.01    18.4    16.5      2.14    98.4
211                               4.92    97.2      39.4     0.312      14   0.986   0.971   0.23   0.23   -0.01    16.0    14.3      2.69    98.3
335                               5.22    98.0      37.4     0.312      14   0.994   0.969   0.25   0.25   +0.00    19.8    18.1      3.09    98.1

## By number of trigger channels
group                             pix%    SSE%       MSE    relSSE   orth%     EMr     pkR     wP     wR   shift   refM%   modM%       p50   top1%
--------------------------------------------------------------------------------------------------------------------------------------------------
0                                89.88     1.5    0.0323     0.137      54   0.979   0.969   0.19   0.18   -0.00    12.3    15.6    0.0269    38.4
1                                 3.42     0.6     0.333     0.141      66       1    1.01   0.24   0.24   +0.00    26.6    25.4     0.776    33.2
2                                 1.69     0.3     0.316    0.0775      61    0.99   0.979   0.23   0.23   -0.01    21.9    19.7     0.851    38.1
3                                 1.20     0.5     0.812     0.103      48   0.988   0.974   0.24   0.23   -0.01    23.1    20.5      1.23    67.3
4                                 0.96     0.4     0.851    0.0744      50   0.989   0.979   0.24   0.24   -0.01    21.1    19.1      1.62    60.4
5                                 0.90     1.4      3.08     0.117      37   0.987   0.967   0.24   0.24   -0.01    21.5    19.2      2.45    82.5
6                                 1.93    95.4      98.5     0.328      14   0.989   0.962   0.26   0.26   -0.01    23.5    21.7      5.13    98.7

## Top exact trigger patterns by SSE share
group                             pix%    SSE%       MSE    relSSE   orth%     EMr     pkR     wP     wR   shift   refM%   modM%       p50   top1%
--------------------------------------------------------------------------------------------------------------------------------------------------
94+131+171+193+211+335            1.93    95.4      98.5     0.328      14   0.989   0.962   0.26   0.26   -0.01    23.5    21.7      5.13    98.7
94+131+193+211+335                0.26     1.1      8.78      0.13      32   0.984   0.946   0.26   0.25   -0.02    14.5    11.9      5.13    90.6
335                               0.90     0.3     0.708      0.17      66    1.05    1.05   0.24   0.24   +0.02    14.4    12.4      2.34    22.3
94+131+335                        0.04     0.3      16.4     0.218      32   0.991    0.84   0.31   0.30   -0.01    33.2    37.5      5.37    71.0
94+131+193+335                    0.00     0.1      55.9     0.333      23   0.942   0.657   0.30   0.29   -0.01    37.9    43.5      2.14    68.5
131+171+193+211+335               0.17     0.1      1.28     0.109      60   0.987   0.952   0.26   0.26   +0.01    22.1    19.5      2.69    23.8
94+131+211+335                    0.07     0.1      2.72    0.0647      46    1.01   0.949   0.28   0.27   -0.00    16.9    18.8      7.08    64.9
94                                0.80     0.1     0.231     0.172      58   0.934   0.951   0.25   0.25   -0.03    33.5    27.9     0.589    44.4
131                               0.67     0.1     0.251     0.244      66    1.04    1.01   0.33   0.29   +0.02    57.0    62.1     0.513    29.4
94+131+171+193+335                0.11     0.1      1.23     0.169      40       1   0.963   0.29   0.28   -0.01    45.4    40.5      1.95    79.6
131+193+211+335                   0.10     0.0     0.995    0.0714      70   0.984   0.974   0.27   0.27   -0.00    16.9    15.9      4.07    20.2
211+335                           0.24     0.0     0.401    0.0485      75   0.992   0.966   0.21   0.21   -0.00     3.0     1.0      2.24    19.9

## By DEM shape (reference x model x Bright)
group                             pix%    SSE%       MSE    relSSE   orth%     EMr     pkR     wP     wR   shift   refM%   modM%       p50   top1%
--------------------------------------------------------------------------------------------------------------------------------------------------
ref uni / model uni / Quiet      71.21     0.9    0.0244     0.104      54   0.995   0.973   0.17   0.16   +0.01     0.0     0.0    0.0186    43.8
ref uni / model uni / Bright      7.19    92.6      25.7     0.334      13   0.993   0.973   0.22   0.21   -0.00     0.0     0.0      1.02    98.7
ref uni / model multi / Quiet     7.61     0.2    0.0558     0.386      56    1.04   0.993   0.31   0.20   +0.04     0.0   100.0   0.00355    38.5
ref uni / model multi / Bright    0.52     2.8      10.6      0.25      27    1.02   0.956   0.31   0.25   +0.05     0.0   100.0      4.07    91.8
ref multi / model uni / Quiet     4.61     0.2    0.0757     0.263      53   0.824   0.918   0.22   0.32   -0.11   100.0     0.0     0.309    20.1
ref multi / model uni / Bright    0.71     0.9      2.54     0.102      53   0.948       1   0.26   0.31   -0.06   100.0     0.0      4.07    75.4
ref multi / model multi / Quie    6.45     0.2    0.0609     0.185      51    0.95   0.953   0.32   0.32   -0.01   100.0   100.0     0.204    21.9
ref multi / model multi / Brig    1.70     2.3      2.66    0.0971      52    0.99   0.981   0.33   0.32   -0.01   100.0   100.0      2.34    80.1

## Regression-to-mean check, by reference peak height
group                             pix%    SSE%       MSE    relSSE   orth%     EMr     pkR     wP     wR   shift   refM%   modM%    gPkR    gEMr
------------------------------------------------------------------------------------------------------------------------------------------------
<=0                               7.00     0.0   0.00223         -     100       -       -      -      -       -     0.0    48.5       -       -
<0.001                            0.32     0.0   0.00243  5.36e+04     100    44.9    55.3   0.19   0.14   +0.08     0.0    13.0    4.39    4.55
0.001 to 0.0032                   0.64     0.0   0.00251  3.82e+03      99    11.7    13.9   0.19   0.14   +0.08     0.1     9.3    1.51    1.58
0.0032 to 0.01                    1.87     0.0   0.00255       385      99    4.41    5.11   0.18   0.15   +0.07     1.0     7.7    1.15    1.19
0.01 to 0.032                     3.95     0.0   0.00319      52.1      98    2.25    2.45   0.18   0.16   +0.06     4.2     7.0    1.06     1.1
0.032 to 0.1                      6.42     0.0   0.00466      8.13      93    1.47    1.52   0.18   0.17   +0.03     8.0     8.1   0.962       1
0.1 to 0.32                      10.14     0.0   0.00732      1.24      82    1.12    1.14   0.18   0.17   -0.01    10.9    10.7    0.86   0.887
0.32 to 1                        29.95     0.2    0.0151     0.215      76    1.03    1.02   0.19   0.19   -0.01    14.7    14.0   0.935   0.955
1 to 3.2                         28.08     0.8    0.0602     0.128      65   0.973   0.982   0.20   0.20   -0.01    18.7    16.8   0.935   0.944
3.2 to 10                         9.53     1.3      0.27     0.069      60   0.969    0.95   0.22   0.22   -0.00    17.3    16.0   0.914   0.952
10 to 32                          1.90     1.2      1.29    0.0353      68   0.985    0.97   0.25   0.25   -0.00    16.5    15.8   0.951   0.978
32 to 1e+02                       0.20     0.9       9.1    0.0301      74   0.996   0.968   0.29   0.28   -0.01    20.5    22.8   0.962   0.995
1e+02 to 3.2e+02                  0.01     1.7       296    0.0821      44   0.968   0.799   0.26   0.24   -0.01    17.7    23.2   0.782   0.957
3.2e+02 to 1e+03                  0.00     6.1  5.17e+03     0.185      31   0.909   0.606   0.22   0.18   -0.02    10.3    15.4   0.581   0.889
1e+03 to 3.2e+03                  0.00    12.1  6.93e+04     0.293      27   0.866    0.49   0.22   0.16   -0.03    10.2    11.7   0.453   0.848
>=3.2e+03                         0.00    75.6  3.96e+06     0.522       8   0.626   0.359   0.22   0.16   -0.02     4.1     6.7   0.362   0.712

## Worst per-pixel SSE tail (bin-edge approximate)
group                             pix%    SSE%       MSE    relSSE   orth%     EMr     pkR     wP     wR   shift   refM%   modM%  bright%
-----------------------------------------------------------------------------------------------------------------------------------------
worst_0.1pct_approx               0.10    96.5  1.92e+03     0.384      13   0.966   0.789   0.30   0.30   +0.04    30.4    33.8     99.1
worst_1pct_approx                 1.52    98.2       129     0.348      14   0.973   0.905   0.28   0.28   +0.02    28.4    30.2     75.0
remainder                        98.48     1.8     0.036    0.0362      68   0.988   0.984   0.20   0.19   -0.00    13.2    16.1      9.1
  worst_0.1pct_approx: pixel SSE >= 178; dominant channel of Bright part: 94:43%, 131:15%, 171:3%, 193:1%, 211:11%, 335:27%
  worst_1pct_approx: pixel SSE >= 17.8; dominant channel of Bright part: 94:20%, 131:15%, 171:9%, 193:3%, 211:19%, 335:35%

## Solver scatter (repeated AIA inputs)
groups by number of targets: {'1': 17445, '2': 10338, '3': 3028, '4': 415, '5': 19}; evicted: 29946

## Solver scatter, population
group                             pix%   modelMSE  scatterMSE    biasMSE  scatter%  biasOrth%     check
-------------------------------------------------------------------------------------------------------
full                            100.00       3.04       0.035       3.01       1.2         11   1.3e-15
bright                           10.38       29.1       0.225       28.8       0.8         11   1.1e-15
quiet                            89.62     0.0293       0.013     0.0163      44.4         62   1.7e-16

## Solver scatter, by intensity over threshold
group                             pix%   modelMSE  scatterMSE    biasMSE  scatter%  biasOrth%     check
-------------------------------------------------------------------------------------------------------
<0.03x                            3.98   0.000297     0.00014   0.000156      47.3         21   7.3e-16
0.03-0.1x                        10.85    0.00121     0.00055   0.000655      45.7         33   2.7e-16
0.1-0.3x                         33.13      0.008     0.00367    0.00433      45.8         44   3.1e-16
0.3-1x                           41.66     0.0563      0.0249     0.0314      44.3         64   9.5e-17
1-1.8x                            6.59      0.222      0.0829      0.139      37.4         73   4.6e-16
1.8-3.2x                          2.45      0.513        0.18      0.333      35.2         76   7.1e-16
3.2-10x                           1.24       1.78       0.497       1.28      27.9         80   4.0e-16
10-32x                            0.08       27.5        2.75       24.8      10.0         58   1.9e-16
>=32x                             0.01   2.78e+04        47.1   2.78e+04       0.2         10   3.9e-16

Signed DEM error by logT bin (pred - ref, mean per pixel):
  bright +0.03 +0.08 +0.01 -0.03 +0.03 -0.00 -0.03 -0.03 +0.09 -0.10 -0.04 +0.04 +0.03 -0.13 -0.17 -0.03 -0.00 -0.03
  quiet  -0.01 +0.00 +0.00 -0.00 +0.01 +0.00 -0.01 +0.00 +0.01 -0.01 -0.01 -0.01 -0.01 -0.01 -0.01 -0.00 -0.00 -0.01
  logT    5.50  5.60  5.70  5.80  5.90  6.00  6.10  6.20  6.30  6.40  6.50  6.60  6.70  6.80  6.90  7.00  7.10  7.20
