# Bright-failure diagnostic: ENET track, label-free model
model /home/hsr3649/projects/dem/output/experiments/followup/scaled_mlp6_enet_h336_sqrt_ff12_resample_ep120.pt
blocks 48,960   valid pixel-targets 802,160,640

Columns: pix% share of pixels | SSE% share of total DEM squared error | MSE per bin |
relSSE error energy / reference energy | orth% of SSE orthogonal to the reference curve
(temperature placement) vs along it (scale) | EMr, pkR aggregate predicted/reference emission
and peak height | wP, wR EM-weighted logT width (dex) | shift mean logT pred-ref (dex) |
refM%, modM% multi-peaked | p50 median per-pixel SSE | top1% SSE share of the worst 1%

## Population
group                             pix%    SSE%       MSE    relSSE   orth%     EMr     pkR     wP     wR   shift   refM%   modM%       p50   top1%
--------------------------------------------------------------------------------------------------------------------------------------------------
full                            100.00   100.0     0.362     0.109      53   0.983   0.952   0.27   0.26   +0.01    61.8    59.0     0.776    62.7
bright                           10.50    70.1      2.42    0.0936      50       1   0.993   0.32   0.31   +0.01    61.5    58.6      4.27    81.3
quiet                            89.50    29.9     0.121     0.175      61    0.97   0.931   0.27   0.25   +0.01    61.8    59.0     0.617    12.8

## By intensity (max over channels of observed/threshold)
group                             pix%    SSE%       MSE    relSSE   orth%     EMr     pkR     wP     wR   shift   refM%   modM%       p50   top1%
--------------------------------------------------------------------------------------------------------------------------------------------------
<0.03x                            3.48     0.1    0.0151      0.72       9   0.509   0.514   0.22   0.17   +0.01    28.4    26.9    0.0245    21.7
0.03-0.1x                         9.65     0.9    0.0327      0.52      28     0.8   0.774   0.23   0.21   +0.02    41.6    41.0     0.129    15.8
0.1-0.3x                         31.63     6.6     0.076     0.321      51   0.943   0.906   0.24   0.23   +0.01    55.6    53.0     0.407    12.4
0.3-1x                           44.74    22.2      0.18      0.15      66   0.985   0.951   0.29   0.28   +0.01    73.3    69.7      1.35    10.4
1-1.8x                            7.02     7.2      0.37    0.0707      76   0.999   0.985   0.32   0.31   +0.01    66.1    62.7      3.39    11.4
1.8-3.2x                          2.33     3.9     0.609    0.0379      80       1   0.997   0.32   0.31   +0.01    54.6    52.4      5.62    13.7
3.2-10x                           1.06     3.3      1.14    0.0148      82       1   0.997   0.33   0.32   +0.00    47.6    46.2      11.2    10.1
10-32x                            0.07     0.8      4.33    0.0078      74   0.999       1   0.34   0.34   -0.00    45.7    44.1        49    13.6
>=32x                             0.01    54.9   2.1e+03     0.258      42    1.02    1.05   0.26   0.26   -0.00    21.3    15.5       234    97.7

## Bright, by channel with the largest observed/threshold
group                             pix%    SSE%       MSE    relSSE   orth%     EMr     pkR     wP     wR   shift   refM%   modM%       p50   top1%
--------------------------------------------------------------------------------------------------------------------------------------------------
94                                1.94    25.7       4.8     0.079      49   0.999   0.984   0.33   0.33   +0.01    79.6    79.3      5.62    88.1
131                               1.83    34.8      6.89       0.4      42    1.01   0.988   0.44   0.42   +0.03    85.7    82.1       4.9    93.2
171                               1.87     1.9     0.374     0.057      80   0.992   0.967   0.30   0.29   -0.00    85.1    82.0      3.55     9.6
193                               0.86     0.7     0.309    0.0421      86   0.989   0.988   0.27   0.26   -0.00    53.0    47.8      2.69    12.2
211                               1.72     2.2     0.461    0.0221      85   0.996   0.996   0.27   0.26   +0.00    33.6    29.2      2.82    30.8
335                               2.27     4.8     0.762    0.0256      73       1    1.01   0.29   0.28   -0.00    31.5    29.2      6.17    15.5
quiet                            89.50    29.9     0.121     0.175      61    0.97   0.931   0.27   0.25   +0.01    61.8    59.0     0.617    12.8

## Bright, inclusive by trigger channel (overlapping)
group                             pix%    SSE%       MSE    relSSE   orth%     EMr     pkR     wP     wR   shift   refM%   modM%       p50   top1%
--------------------------------------------------------------------------------------------------------------------------------------------------
94                                5.05    64.0       4.6     0.098      47   0.999   0.991   0.33   0.32   +0.01    63.7    62.2      6.17    87.2
131                               5.03    63.5      4.57    0.0986      47       1   0.993   0.37   0.36   +0.01    65.3    62.3      5.62    87.5
171                               5.00    62.9      4.56     0.106      47   0.999   0.989   0.33   0.32   +0.00    69.6    66.9      5.13    88.5
193                               5.00    63.1      4.57    0.0971      47   0.999   0.994   0.30   0.30   +0.00    52.9    50.4       4.9    88.4
211                               5.00    63.0      4.57    0.0942      47   0.999   0.995   0.29   0.29   +0.00    44.0    41.4      4.68    88.5
335                               5.01    64.7      4.68     0.095      47       1       1   0.30   0.30   -0.00    41.8    38.8      6.46    86.3

## By number of trigger channels
group                             pix%    SSE%       MSE    relSSE   orth%     EMr     pkR     wP     wR   shift   refM%   modM%       p50   top1%
--------------------------------------------------------------------------------------------------------------------------------------------------
0                                89.50    29.9     0.121     0.175      61    0.97   0.931   0.27   0.25   +0.01    61.8    59.0     0.617    12.8
1                                 3.75     4.5     0.436    0.0987      73    1.01   0.998   0.32   0.31   +0.01    69.2    65.7      3.24    20.8
2                                 1.86     1.9     0.372     0.058      77   0.998   0.979   0.32   0.31   +0.01    64.4    60.9      3.39    11.4
3                                 1.28     1.6     0.447    0.0441      79   0.999   0.986   0.32   0.31   +0.01    61.9    59.8      4.07    12.9
4                                 0.98     1.4     0.529    0.0372      79   0.999   0.989   0.32   0.31   +0.00    58.7    56.5      4.68    16.9
5                                 0.91     1.8     0.701    0.0281      78   0.999   0.992   0.32   0.31   +0.00    56.6    54.4      5.62    25.9
6                                 1.72    58.9      12.4      0.11      45       1   0.998   0.32   0.32   +0.00    45.4    43.1      8.91    92.8

## Top exact trigger patterns by SSE share
group                             pix%    SSE%       MSE    relSSE   orth%     EMr     pkR     wP     wR   shift   refM%   modM%       p50   top1%
--------------------------------------------------------------------------------------------------------------------------------------------------
94+131+171+193+211+335            1.72    58.9      12.4      0.11      45       1   0.998   0.32   0.32   +0.00    45.4    43.1      8.91    92.8
335                               0.95     1.9     0.735    0.0925      70    1.02    1.04   0.27   0.27   +0.00    42.5    39.9       4.9    17.6
94                                0.83     1.0     0.456     0.133      72   0.993   0.956   0.32   0.32   +0.01    88.8    88.8      4.07    20.7
131                               0.70     0.8     0.395     0.161      76    1.02   0.988   0.46   0.43   +0.03    85.3    80.0      3.89    11.4
94+131+193+211+335                0.23     0.5      0.86    0.0149      76   0.998   0.997   0.32   0.31   +0.00    31.7    30.4      7.41    21.2
131+171                           0.48     0.5      0.35     0.131      77       1   0.945   0.41   0.38   +0.01    91.3    85.7      3.72     8.2
171                               0.66     0.4     0.234     0.115      73   0.982   0.951   0.28   0.27   -0.01    90.1    85.4      2.14     8.5
94+131+171+193+211                0.23     0.4     0.589    0.0538      85       1   0.992   0.36   0.34   +0.02    92.7    94.1      4.68    25.3
94+171+193+211+335                0.14     0.3     0.878    0.0554      74    0.99   0.987   0.23   0.23   -0.00    41.9    38.3      5.62    41.9
94+131+171                        0.21     0.3     0.522     0.107      76    1.01   0.969   0.47   0.45   +0.02    98.2    98.1      5.89     7.2
131+171+193+211+335               0.20     0.3      0.54    0.0346      82       1   0.988   0.31   0.30   -0.01    37.2    31.3      4.68    22.3
211+335                           0.25     0.3     0.426    0.0361      79   0.998   0.988   0.27   0.26   -0.01    11.5     8.1      4.07    12.1

## By DEM shape (reference x model x Bright)
group                             pix%    SSE%       MSE    relSSE   orth%     EMr     pkR     wP     wR   shift   refM%   modM%       p50   top1%
--------------------------------------------------------------------------------------------------------------------------------------------------
ref uni / model uni / Quiet      27.35     6.9    0.0912     0.128      57   0.966   0.935   0.19   0.18   +0.01     0.0     0.0     0.269    15.6
ref uni / model uni / Bright      3.55    23.8      2.43    0.0519      46       1   0.998   0.28   0.27   +0.00     0.0     0.0      4.07    80.5
ref uni / model multi / Quiet     6.81     2.9     0.156     0.273      49   0.934     0.8   0.29   0.21   +0.06     0.0   100.0     0.977    12.2
ref uni / model multi / Bright    0.49     1.2     0.907    0.0506      82    1.01   0.999   0.31   0.28   +0.04     0.0   100.0      7.08    31.5
ref multi / model uni / Quiet     9.31     3.7     0.144     0.258      70   0.978    1.01   0.25   0.28   -0.03   100.0     0.0     0.977    11.8
ref multi / model uni / Bright    0.79    36.4      16.7     0.591      45       1    1.01   0.30   0.31   -0.02   100.0     0.0      7.08    96.0
ref multi / model multi / Quie   46.04    16.4     0.129     0.177      63   0.975   0.933   0.31   0.29   +0.01   100.0   100.0     0.741    11.8
ref multi / model multi / Brig    5.66     8.7     0.556    0.0425      76   0.999   0.983   0.35   0.34   +0.01   100.0   100.0      3.89    27.8

## Regression-to-mean check, by reference peak height
group                             pix%    SSE%       MSE    relSSE   orth%     EMr     pkR     wP     wR   shift   refM%   modM%    gPkR    gEMr
------------------------------------------------------------------------------------------------------------------------------------------------
<=0                               0.32     0.0   0.00463         -     100       -       -      -      -       -     0.0    15.0       -       -
<0.001                            0.07     0.0   0.00332  1.97e+05      99     295     297   0.21   0.03   +0.64     1.4    13.0    2.74    4.12
0.001 to 0.0032                   0.12     0.0   0.00413  1.48e+04      99    78.5    76.8   0.13   0.02   +0.74     4.4    16.2       3    3.89
0.0032 to 0.01                    0.23     0.0   0.00418  1.71e+03      97    26.2    26.5   0.14   0.05   +0.64    12.9    19.8    1.48    1.83
0.01 to 0.032                     0.39     0.0   0.00564       183      94    8.14    8.26   0.19   0.10   +0.33    25.0    28.5   0.944    1.11
0.032 to 0.1                      1.33     0.0    0.0084      25.4      92    3.18     3.3   0.20   0.15   +0.17    35.0    36.2   0.876   0.967
0.1 to 0.32                       4.75     0.2    0.0139      3.73      86    1.49    1.55   0.19   0.18   +0.03    43.8    40.4   0.819   0.842
0.32 to 1                        17.19     1.7    0.0358     0.763      76    1.05    1.09   0.24   0.23   +0.01    55.4    51.8   0.866   0.867
1 to 3.2                         45.25    14.1     0.113     0.265      69   0.986   0.958   0.28   0.27   +0.00    69.7    66.2   0.897   0.939
3.2 to 10                        27.01    21.9     0.294     0.102      62   0.967   0.919   0.29   0.28   -0.01    62.1    60.3   0.883   0.946
10 to 32                          3.10     5.9     0.685     0.024      74   0.993   0.973   0.29   0.28   -0.00    39.5    37.9   0.961   0.987
32 to 1e+02                       0.23     1.5      2.43    0.0078      78   0.997   0.997   0.31   0.31   -0.00    30.0    27.9   0.995   0.998
1e+02 to 3.2e+02                  0.01     1.3        56    0.0126      57   0.992   0.997   0.27   0.26   -0.00    20.9    16.3   0.993   0.989
3.2e+02 to 1e+03                  0.00    26.0  1.75e+04      0.35      40    1.11    1.19   0.30   0.30   +0.01    28.0    17.0    1.09    1.05
1e+03 to 3.2e+03                  0.00    27.4  2.35e+05     0.831      43    1.37    1.54   0.28   0.32   +0.06    45.7    11.5    1.42    1.27

## Worst per-pixel SSE tail (bin-edge approximate)
group                             pix%    SSE%       MSE    relSSE   orth%     EMr     pkR     wP     wR   shift   refM%   modM%  bright%
-----------------------------------------------------------------------------------------------------------------------------------------
worst_0.1pct_approx               0.23    58.3      93.2     0.194      44    1.02    1.06   0.30   0.31   +0.02    50.5    43.1     90.1
worst_1pct_approx                 2.57    67.9      9.57     0.151      47   0.981   0.958   0.31   0.31   -0.01    60.6    58.2     56.5
remainder                        97.43    32.1     0.119    0.0681      67   0.984   0.952   0.27   0.26   +0.01    61.8    59.0      9.3
  worst_0.1pct_approx: pixel SSE >= 56.2; dominant channel of Bright part: 94:29%, 131:15%, 171:4%, 193:1%, 211:6%, 335:44%
  worst_1pct_approx: pixel SSE >= 17.8; dominant channel of Bright part: 94:24%, 131:18%, 171:11%, 193:4%, 211:10%, 335:33%

## Solver scatter (repeated AIA inputs)
groups by number of targets: {'1': 17445, '2': 10338, '3': 3028, '4': 415, '5': 19}; evicted: 29946

## Solver scatter, population
group                             pix%   modelMSE  scatterMSE    biasMSE  scatter%  biasOrth%     check
-------------------------------------------------------------------------------------------------------
full                            100.00       0.51      0.0784      0.432      15.4         48   1.3e-15
bright                           10.61       3.78       0.233       3.54       6.2         45   1.5e-15
quiet                            89.39      0.122      0.0601     0.0622      49.1         69   2.7e-16

## Solver scatter, by intensity over threshold
group                             pix%   modelMSE  scatterMSE    biasMSE  scatter%  biasOrth%     check
-------------------------------------------------------------------------------------------------------
<0.03x                            3.46     0.0153     0.00749    0.00777      49.1         15   2.2e-16
0.03-0.1x                         9.60     0.0329      0.0162     0.0167      49.3         41   3.6e-16
0.1-0.3x                         31.53     0.0766      0.0379     0.0388      49.4         63   6.1e-16
0.3-1x                           44.80      0.182      0.0891     0.0926      49.0         73   1.8e-16
1-1.8x                            7.08      0.371       0.169      0.203      45.4         79   1.4e-16
1.8-3.2x                          2.36      0.611       0.262      0.349      42.9         80   2.5e-16
3.2-10x                           1.09       1.13       0.496      0.636      43.8         82   9.6e-16
10-32x                            0.07       4.19         1.3       2.89      31.0         76   7.7e-16
>=32x                             0.01   3.59e+03        2.32   3.58e+03       0.1         42   5.1e-16

Signed DEM error by logT bin (pred - ref, mean per pixel):
  bright +0.05 +0.04 -0.05 -0.10 +0.06 +0.01 +0.04 -0.04 +0.00 +0.04 +0.03 -0.01 -0.12 -0.09 -0.06 +0.05 +0.10 +0.06
  quiet  +0.01 +0.00 -0.01 -0.02 +0.01 +0.01 +0.00 -0.00 +0.00 +0.00 -0.02 -0.02 -0.06 -0.06 -0.04 +0.00 +0.02 +0.01
  logT    5.50  5.60  5.70  5.80  5.90  6.00  6.10  6.20  6.30  6.40  6.50  6.60  6.70  6.80  6.90  7.00  7.10  7.20
