# Bright-failure diagnostic: ENET track, label-free model
model /home/hsr3649/projects/dem/output/experiments/followup/scaled_mlp6_enet_h336_sqrt_ff12_resample_bg1.pt
blocks 48,960   valid pixel-targets 802,160,640

Columns: pix% share of pixels | SSE% share of total DEM squared error | MSE per bin |
relSSE error energy / reference energy | orth% of SSE orthogonal to the reference curve
(temperature placement) vs along it (scale) | EMr, pkR aggregate predicted/reference emission
and peak height | wP, wR EM-weighted logT width (dex) | shift mean logT pred-ref (dex) |
refM%, modM% multi-peaked | p50 median per-pixel SSE | top1% SSE share of the worst 1%

## Population
group                             pix%    SSE%       MSE    relSSE   orth%     EMr     pkR     wP     wR   shift   refM%   modM%       p50   top1%
--------------------------------------------------------------------------------------------------------------------------------------------------
full                            100.00   100.0     0.379     0.114      54   0.985   0.943   0.28   0.26   +0.02    61.8    57.5     0.891    62.9
bright                           10.50    70.8      2.56    0.0989      51   0.999   0.987   0.32   0.31   +0.01    61.5    56.3       4.9    80.9
quiet                            89.50    29.2     0.124     0.178      61   0.974    0.92   0.27   0.25   +0.02    61.8    57.6     0.708    12.5

## By intensity (max over channels of observed/threshold)
group                             pix%    SSE%       MSE    relSSE   orth%     EMr     pkR     wP     wR   shift   refM%   modM%       p50   top1%
--------------------------------------------------------------------------------------------------------------------------------------------------
<0.03x                            3.48     0.1    0.0155     0.738       8   0.498   0.473   0.24   0.17   +0.01    28.4    30.0    0.0282    21.3
0.03-0.1x                         9.65     0.8     0.033     0.526      29    0.81   0.758   0.23   0.21   +0.03    41.6    40.9     0.148    15.4
0.1-0.3x                         31.63     6.4    0.0764     0.322      51   0.951   0.894   0.25   0.23   +0.02    55.6    51.6     0.447    12.2
0.3-1x                           44.74    21.8     0.185     0.154      65   0.988   0.941   0.30   0.28   +0.01    73.3    67.6      1.48    10.1
1-1.8x                            7.02     7.2     0.386    0.0739      76   0.999   0.978   0.32   0.31   +0.01    66.1    60.2      3.72    10.6
1.8-3.2x                          2.33     3.9     0.642      0.04      79       1   0.992   0.32   0.31   +0.00    54.6    50.2      6.46    12.3
3.2-10x                           1.06     3.6      1.28    0.0166      81   0.997   0.995   0.33   0.32   -0.00    47.6    44.9      13.5     9.4
10-32x                            0.07     1.1      5.86    0.0105      75   0.995       1   0.35   0.34   +0.00    45.7    44.7      67.6    13.3
>=32x                             0.01    55.1  2.21e+03     0.271      44    1.02    1.04   0.27   0.26   -0.00    21.3    16.2       389    97.1

## Bright, by channel with the largest observed/threshold
group                             pix%    SSE%       MSE    relSSE   orth%     EMr     pkR     wP     wR   shift   refM%   modM%       p50   top1%
--------------------------------------------------------------------------------------------------------------------------------------------------
94                                1.94    27.8      5.44    0.0895      51   0.991    0.98   0.33   0.33   +0.00    79.6    79.3      6.17    88.4
131                               1.83    33.3      6.89       0.4      43    1.01   0.975   0.46   0.42   +0.03    85.7    78.6      5.89    92.5
171                               1.87     2.0     0.402    0.0613      78   0.991   0.949   0.30   0.29   -0.00    85.1    80.9      4.07     9.3
193                               0.86     0.7     0.324    0.0441      85    0.99   0.984   0.27   0.26   +0.00    53.0    41.9      2.95    12.3
211                               1.72     2.2     0.494    0.0237      87       1   0.995   0.27   0.26   +0.00    33.6    23.5      3.39    29.6
335                               2.27     4.8     0.794    0.0267      74       1    1.01   0.29   0.28   -0.00    31.5    28.7      6.76    14.5
quiet                            89.50    29.2     0.124     0.178      61   0.974    0.92   0.27   0.25   +0.02    61.8    57.6     0.708    12.5

## Bright, inclusive by trigger channel (overlapping)
group                             pix%    SSE%       MSE    relSSE   orth%     EMr     pkR     wP     wR   shift   refM%   modM%       p50   top1%
--------------------------------------------------------------------------------------------------------------------------------------------------
94                                5.05    64.7      4.85     0.104      49   0.996   0.989   0.33   0.32   +0.00    63.7    60.5      6.76    86.8
131                               5.03    64.4      4.85     0.105      49       1   0.989   0.38   0.36   +0.01    65.3    59.5      6.46    87.1
171                               5.00    63.6      4.82     0.112      49   0.997   0.984   0.33   0.32   +0.00    69.6    64.8      5.89    88.1
193                               5.00    63.9      4.84     0.103      49   0.997   0.993   0.31   0.30   +0.00    52.9    47.3      5.62    88.0
211                               5.00    63.8      4.84    0.0998      49   0.998   0.994   0.30   0.29   +0.00    44.0    38.1      5.37    88.1
335                               5.01    65.5      4.95     0.101      49       1   0.998   0.30   0.30   -0.00    41.8    37.4      7.08    85.9

## By number of trigger channels
group                             pix%    SSE%       MSE    relSSE   orth%     EMr     pkR     wP     wR   shift   refM%   modM%       p50   top1%
--------------------------------------------------------------------------------------------------------------------------------------------------
0                                89.50    29.2     0.124     0.178      61   0.974    0.92   0.27   0.25   +0.02    61.8    57.6     0.708    12.5
1                                 3.75     4.3     0.438    0.0992      72    1.01   0.986   0.32   0.31   +0.01    69.2    63.8      3.72    16.8
2                                 1.86     2.0       0.4    0.0623      75   0.999   0.966   0.33   0.31   +0.01    64.4    57.9      3.89    10.9
3                                 1.28     1.6     0.485    0.0479      77   0.998   0.979   0.33   0.31   +0.00    61.9    57.4      4.68    14.0
4                                 0.98     1.5     0.564    0.0396      79   0.997   0.985   0.32   0.31   +0.00    58.7    54.5      5.37    16.7
5                                 0.91     1.8     0.762    0.0305      78   0.996   0.989   0.32   0.31   +0.00    56.6    51.7      6.17    26.2
6                                 1.72    59.6      13.1     0.117      47   0.998       1   0.32   0.32   -0.00    45.4    40.6      10.2    92.4

## Top exact trigger patterns by SSE share
group                             pix%    SSE%       MSE    relSSE   orth%     EMr     pkR     wP     wR   shift   refM%   modM%       p50   top1%
--------------------------------------------------------------------------------------------------------------------------------------------------
94+131+171+193+211+335            1.72    59.6      13.1     0.117      47   0.998       1   0.32   0.32   -0.00    45.4    40.6      10.2    92.4
335                               0.95     1.9     0.737    0.0928      70    1.02    1.03   0.28   0.27   +0.00    42.5    39.7      5.13    16.3
94                                0.83     0.9     0.414      0.12      67   0.985   0.948   0.33   0.32   +0.00    88.8    88.7      4.47     7.9
131                               0.70     0.8     0.427     0.173      75    1.03   0.963   0.48   0.43   +0.05    85.3    76.7      4.68    10.0
94+131+193+211+335                0.23     0.6      0.99    0.0171      77   0.996       1   0.32   0.31   -0.00    31.7    27.0      7.76    25.1
131+171                           0.48     0.5     0.392     0.146      74    1.01   0.903   0.43   0.38   +0.03    91.3    82.9      4.68     7.5
171                               0.66     0.4     0.249     0.122      72   0.985   0.925   0.28   0.27   -0.00    90.1    84.4      2.57     7.9
94+131+171+193+211                0.23     0.4     0.612    0.0559      83   0.994   0.979   0.35   0.34   +0.01    92.7    91.9      5.13    24.9
94+171+193+211+335                0.14     0.3     0.872     0.055      75   0.986   0.987   0.23   0.23   -0.01    41.9    37.4      6.17    37.2
131+171+193+211+335               0.20     0.3     0.608    0.0389      81       1   0.979   0.31   0.30   +0.00    37.2    27.7      5.37    22.7
211+335                           0.25     0.3     0.449    0.0381      78       1   0.982   0.27   0.26   -0.01    11.5     6.6      4.47    11.0
94+131+171                        0.21     0.3     0.541     0.111      74       1    0.95   0.47   0.45   +0.01    98.2    97.7      6.46     6.9

## By DEM shape (reference x model x Bright)
group                             pix%    SSE%       MSE    relSSE   orth%     EMr     pkR     wP     wR   shift   refM%   modM%       p50   top1%
--------------------------------------------------------------------------------------------------------------------------------------------------
ref uni / model uni / Quiet      27.10     6.9    0.0958     0.132      57   0.968   0.927   0.21   0.18   +0.02     0.0     0.0     0.355    15.0
ref uni / model uni / Bright      3.60    22.6      2.38    0.0516      49       1   0.996   0.28   0.27   +0.00     0.0     0.0      4.47    78.6
ref uni / model multi / Quiet     7.06     2.7     0.145     0.277      48   0.938   0.779   0.29   0.20   +0.07     0.0   100.0     0.776    12.8
ref uni / model multi / Bright    0.44     1.0     0.895     0.044      80    1.01   0.998   0.32   0.28   +0.05     0.0   100.0      7.76    25.7
ref multi / model uni / Quiet    10.84     3.9     0.137     0.241      70   0.986   0.995   0.26   0.28   -0.01   100.0     0.0     0.977    11.7
ref multi / model uni / Bright    0.99    38.2      14.7     0.562      46       1       1   0.31   0.30   -0.01   100.0     0.0      6.46    95.8
ref multi / model multi / Quie   44.51    15.7     0.134     0.183      63   0.978   0.919   0.31   0.29   +0.01   100.0   100.0     0.891    11.3
ref multi / model multi / Brig    5.47     9.0     0.621     0.048      77   0.996   0.973   0.36   0.34   +0.01   100.0   100.0      4.68    29.1

## Regression-to-mean check, by reference peak height
group                             pix%    SSE%       MSE    relSSE   orth%     EMr     pkR     wP     wR   shift   refM%   modM%    gPkR    gEMr
------------------------------------------------------------------------------------------------------------------------------------------------
<=0                               0.32     0.0   0.00379         -     100       -       -      -      -       -     0.0    27.2       -       -
<0.001                            0.07     0.0   0.00269   1.6e+05      99     250     246   0.23   0.03   +0.67     1.4    22.5    2.25    3.01
0.001 to 0.0032                   0.12     0.0   0.00335   1.2e+04      99    66.7    63.5   0.17   0.02   +0.76     4.4    29.4    1.91    2.47
0.0032 to 0.01                    0.23     0.0   0.00343   1.4e+03      97    22.4      22   0.17   0.05   +0.65    12.9    31.7   0.915    1.14
0.01 to 0.032                     0.39     0.0   0.00477       155      95    7.43    7.19   0.22   0.10   +0.34    25.0    38.5   0.712   0.855
0.032 to 0.1                      1.33     0.0   0.00762        23      92     3.1    3.03   0.23   0.15   +0.19    35.0    46.0   0.686   0.801
0.1 to 0.32                       4.75     0.1    0.0118      3.16      84    1.48    1.47   0.21   0.18   +0.05    43.8    43.0   0.646   0.693
0.32 to 1                        17.19     1.6    0.0347      0.74      75    1.06    1.06   0.25   0.23   +0.02    55.4    50.5   0.798   0.821
1 to 3.2                         45.25    13.7     0.115      0.27      69   0.991   0.947   0.29   0.27   +0.01    69.7    64.0   0.881   0.942
3.2 to 10                        27.01    21.6     0.303     0.105      62   0.968   0.911   0.30   0.28   -0.00    62.1    58.0   0.874   0.948
10 to 32                          3.10     6.1     0.744    0.0261      74   0.992   0.969   0.29   0.28   -0.00    39.5    35.4   0.956   0.987
32 to 1e+02                       0.23     1.9      3.11   0.00997      78   0.995   0.998   0.31   0.31   -0.00    30.0    26.4   0.996   0.996
1e+02 to 3.2e+02                  0.01     1.5      66.4    0.0149      62   0.986   0.988   0.27   0.26   -0.01    20.9    16.1   0.984   0.985
3.2e+02 to 1e+03                  0.00    25.2  1.78e+04     0.355      41     1.1    1.18   0.30   0.30   +0.01    28.0    17.0    1.09    1.04
1e+03 to 3.2e+03                  0.00    28.3  2.54e+05     0.899      45    1.37    1.55   0.28   0.32   +0.06    45.7     4.1    1.43    1.25

## Worst per-pixel SSE tail (bin-edge approximate)
group                             pix%    SSE%       MSE    relSSE   orth%     EMr     pkR     wP     wR   shift   refM%   modM%  bright%
-----------------------------------------------------------------------------------------------------------------------------------------
worst_0.1pct_approx               0.25    58.8      89.3      0.19      46    1.01    1.04   0.31   0.31   +0.02    50.9    42.7     91.2
worst_1pct_approx                 2.65    68.2      9.77     0.151      48   0.976   0.954   0.32   0.31   -0.01    60.5    56.9     58.3
remainder                        97.35    31.8     0.124    0.0742      67   0.986   0.942   0.28   0.26   +0.02    61.8    57.5      9.2
  worst_0.1pct_approx: pixel SSE >= 56.2; dominant channel of Bright part: 94:32%, 131:15%, 171:4%, 193:1%, 211:7%, 335:41%
  worst_1pct_approx: pixel SSE >= 17.8; dominant channel of Bright part: 94:24%, 131:18%, 171:11%, 193:3%, 211:11%, 335:32%

## Solver scatter (repeated AIA inputs)
groups by number of targets: {'1': 17445, '2': 10338, '3': 3028, '4': 415, '5': 19}; evicted: 29946

## Solver scatter, population
group                             pix%   modelMSE  scatterMSE    biasMSE  scatter%  biasOrth%     check
-------------------------------------------------------------------------------------------------------
full                            100.00      0.535      0.0784      0.457      14.6         50   1.3e-15
bright                           10.61          4       0.233       3.76       5.8         47   1.9e-15
quiet                            89.39      0.125      0.0601     0.0647      48.2         69   9.2e-16

## Solver scatter, by intensity over threshold
group                             pix%   modelMSE  scatterMSE    biasMSE  scatter%  biasOrth%     check
-------------------------------------------------------------------------------------------------------
<0.03x                            3.46     0.0156     0.00749    0.00815      47.9         14   2.1e-16
0.03-0.1x                         9.60     0.0332      0.0162      0.017      48.8         42   5.0e-16
0.1-0.3x                         31.53      0.077      0.0379     0.0391      49.2         62   1.1e-15
0.3-1x                           44.80      0.186      0.0891     0.0972      47.8         72   7.0e-16
1-1.8x                            7.08      0.388       0.169      0.219      43.5         79   2.7e-16
1.8-3.2x                          2.36      0.644       0.262      0.382      40.7         80   9.6e-16
3.2-10x                           1.09       1.27       0.496      0.774      39.1         83   4.0e-16
10-32x                            0.07       5.68         1.3       4.38      22.9         76   4.5e-16
>=32x                             0.01   3.78e+03        2.32   3.78e+03       0.1         43   3.2e-16

Signed DEM error by logT bin (pred - ref, mean per pixel):
  bright +0.06 +0.04 +0.00 -0.13 +0.01 +0.07 +0.06 -0.07 -0.01 +0.09 +0.03 -0.06 -0.17 -0.08 -0.03 +0.03 +0.07 +0.05
  quiet  -0.00 +0.00 -0.01 -0.02 -0.00 +0.03 +0.00 -0.01 +0.00 +0.01 -0.02 -0.03 -0.07 -0.05 -0.03 -0.00 +0.03 +0.04
  logT    5.50  5.60  5.70  5.80  5.90  6.00  6.10  6.20  6.30  6.40  6.50  6.60  6.70  6.80  6.90  7.00  7.10  7.20
