# Bright-failure diagnostic: ENET track, label-free model
model /home/hsr3649/projects/dem/output/experiments/followup/scaled_mlp6_enet_h1800_sqrt_ff12_resample.pt
blocks 48,960   valid pixel-targets 802,160,640

Columns: pix% share of pixels | SSE% share of total DEM squared error | MSE per bin |
relSSE error energy / reference energy | orth% of SSE orthogonal to the reference curve
(temperature placement) vs along it (scale) | EMr, pkR aggregate predicted/reference emission
and peak height | wP, wR EM-weighted logT width (dex) | shift mean logT pred-ref (dex) |
refM%, modM% multi-peaked | p50 median per-pixel SSE | top1% SSE share of the worst 1%

## Population
group                             pix%    SSE%       MSE    relSSE   orth%     EMr     pkR     wP     wR   shift   refM%   modM%       p50   top1%
--------------------------------------------------------------------------------------------------------------------------------------------------
full                            100.00   100.0  2.06e+03       618      94    1.02   0.968   0.27   0.26   +0.01    61.8    60.1     0.776   100.0
bright                           10.50    99.8  1.96e+04       758      94    1.07    1.02   0.32   0.31   +0.01    61.5    59.5      4.47   100.0
quiet                            89.50     0.2      5.22      7.53      94   0.975   0.942   0.26   0.25   +0.01    61.8    60.1     0.589    98.0

## By intensity (max over channels of observed/threshold)
group                             pix%    SSE%       MSE    relSSE   orth%     EMr     pkR     wP     wR   shift   refM%   modM%       p50   top1%
--------------------------------------------------------------------------------------------------------------------------------------------------
<0.03x                            3.48     0.0    0.0151     0.719       9   0.522   0.533   0.23   0.17   +0.01    28.4    32.7    0.0245    21.7
0.03-0.1x                         9.65     0.0     0.033     0.524      29   0.807   0.786   0.22   0.21   +0.01    41.6    41.9     0.129    15.6
0.1-0.3x                         31.63     0.0    0.0768     0.324      52   0.946   0.918   0.24   0.23   +0.01    55.6    54.2     0.407    12.4
0.3-1x                           44.74     0.2      10.4      8.62      95    0.99   0.961   0.29   0.28   +0.00    73.3    70.4      1.29    98.4
1-1.8x                            7.02     3.4       984       188      95    1.09    1.02   0.32   0.31   +0.01    66.1    63.5      3.39   100.0
1.8-3.2x                          2.33     0.3       239      14.9      95    1.01       1   0.32   0.31   +0.01    54.6    53.6      5.62    99.8
3.2-10x                           1.06     0.0      71.8     0.935      97       1   0.996   0.33   0.32   +0.01    47.6    47.6      12.9    98.5
10-32x                            0.07     8.1  2.39e+05       430      96    1.16     1.1   0.35   0.34   +0.01    45.7    43.7      58.9   100.0
>=32x                             0.01    88.0  1.92e+07  2.36e+03      93    2.16    1.58   0.26   0.26   -0.00    21.3    17.0       162   100.0

## Bright, by channel with the largest observed/threshold
group                             pix%    SSE%       MSE    relSSE   orth%     EMr     pkR     wP     wR   shift   refM%   modM%       p50   top1%
--------------------------------------------------------------------------------------------------------------------------------------------------
94                                1.94    90.4   9.6e+04  1.58e+03      94    1.27     1.1   0.33   0.33   +0.01    79.6    79.4      5.62   100.0
131                               1.83     1.3  1.45e+03        84      86    1.03       1   0.44   0.42   +0.03    85.7    83.0      5.13   100.0
171                               1.87     0.0     0.377    0.0575      81   0.991   0.972   0.30   0.29   -0.00    85.1    82.8      3.55     9.6
193                               0.86     8.1  1.95e+04  2.65e+03      97    1.13    1.04   0.26   0.26   -0.00    53.0    49.3      2.69   100.0
211                               1.72     0.0     0.442    0.0212      85   0.997   0.995   0.27   0.26   +0.00    33.6    31.5      2.95    26.0
335                               2.27     0.0     0.777    0.0261      74    1.01    1.01   0.29   0.28   -0.00    31.5    29.7      6.17    15.6
quiet                            89.50     0.2      5.22      7.53      94   0.975   0.942   0.26   0.25   +0.01    61.8    60.1     0.589    98.0

## Bright, inclusive by trigger channel (overlapping)
group                             pix%    SSE%       MSE    relSSE   orth%     EMr     pkR     wP     wR   shift   refM%   modM%       p50   top1%
--------------------------------------------------------------------------------------------------------------------------------------------------
94                                5.05    90.4  3.69e+04       787      94    1.09    1.03   0.33   0.32   +0.01    63.7    63.1      6.17   100.0
131                               5.03     1.3       532      11.5      86    1.01   0.995   0.37   0.36   +0.01    65.3    63.6      5.89    99.9
171                               5.00     0.0      4.18    0.0973      45       1    0.99   0.33   0.32   +0.00    69.6    68.2      5.13    86.9
193                               5.00     8.1  3.36e+03      71.3      96    1.01   0.999   0.30   0.30   +0.00    52.9    51.8      5.13   100.0
211                               5.00     0.0      4.19    0.0864      45       1   0.995   0.29   0.29   +0.00    44.0    43.0       4.9    86.8
335                               5.01     0.0      4.76    0.0966      51       1       1   0.30   0.30   +0.00    41.8    40.0      6.46    86.0

## By number of trigger channels
group                             pix%    SSE%       MSE    relSSE   orth%     EMr     pkR     wP     wR   shift   refM%   modM%       p50   top1%
--------------------------------------------------------------------------------------------------------------------------------------------------
0                                89.50     0.2      5.22      7.53      94   0.975   0.942   0.26   0.25   +0.01    61.8    60.1     0.589    98.0
1                                 3.75    99.8  5.48e+04  1.24e+04      94     1.4    1.11   0.32   0.31   +0.01    69.2    66.2      3.24   100.0
2                                 1.86     0.0      8.19      1.28      97   0.999   0.984   0.32   0.31   +0.01    64.4    61.7      3.39    96.0
3                                 1.28     0.0     0.454    0.0448      79   0.999   0.987   0.32   0.31   +0.01    61.9    60.4      4.07    14.5
4                                 0.98     0.0     0.515    0.0362      79   0.999    0.99   0.32   0.31   +0.01    58.7    57.1      4.68    14.5
5                                 0.91     0.0     0.686    0.0275      78   0.998   0.993   0.32   0.31   +0.00    56.6    55.9      5.62    24.1
6                                 1.72     0.0      11.3     0.101      43       1   0.996   0.32   0.32   +0.01    45.4    45.2      10.2    91.4

## Top exact trigger patterns by SSE share
group                             pix%    SSE%       MSE    relSSE   orth%     EMr     pkR     wP     wR   shift   refM%   modM%       p50   top1%
--------------------------------------------------------------------------------------------------------------------------------------------------
94                                0.83    90.4  2.24e+05   6.5e+04      94    2.51    1.46   0.32   0.32   +0.01    88.8    88.8      3.89   100.0
193                               0.21     8.1   7.8e+04  2.31e+04      97    1.87    1.26   0.25   0.24   -0.00    56.9    50.4      1.86   100.0
131                               0.70     1.3  3.78e+03  1.53e+03      86    1.09    1.03   0.46   0.43   +0.03    85.3    80.6      3.72   100.0
94+131+171+193+211+335            1.72     0.0      11.3     0.101      43       1   0.996   0.32   0.32   +0.01    45.4    45.2      10.2    91.4
131+193                           0.02     0.0       523       131      98    1.06    1.02   0.38   0.36   +0.01    74.1    70.9      2.95    99.9
193+335                           0.04     0.0      63.1      8.54      99    1.01       1   0.29   0.29   -0.00    84.4    86.7      4.68    99.4
335                               0.95     0.0     0.744    0.0936      70    1.02    1.04   0.27   0.27   +0.00    42.5    40.2       4.9    18.1
94+131+193+211+335                0.23     0.0     0.842    0.0145      78       1   0.996   0.32   0.31   +0.01    31.7    31.9      7.41    19.7
131+171                           0.48     0.0     0.347     0.129      78       1   0.967   0.41   0.38   +0.01    91.3    86.4      3.55     8.3
171                               0.66     0.0     0.234     0.115      75   0.983   0.963   0.27   0.27   -0.01    90.1    85.9      2.14     8.6
94+131+171+193+211                0.23     0.0     0.588    0.0537      85   0.995   0.995   0.35   0.34   +0.01    92.7    94.9      4.47    26.8
94+171+193+211+335                0.14     0.0     0.812    0.0513      71    0.99   0.986   0.23   0.23   -0.00    41.9    38.8      5.62    37.1

## By DEM shape (reference x model x Bright)
group                             pix%    SSE%       MSE    relSSE   orth%     EMr     pkR     wP     wR   shift   refM%   modM%       p50   top1%
--------------------------------------------------------------------------------------------------------------------------------------------------
ref uni / model uni / Quiet      26.90     0.0    0.0921     0.128      58    0.97   0.945   0.19   0.18   +0.01     0.0     0.0     0.269    15.7
ref uni / model uni / Bright      3.51     0.0      2.26     0.048      46       1   0.998   0.28   0.27   +0.00     0.0     0.0      4.27    78.7
ref uni / model multi / Quiet     7.26     0.2      58.4       105      95   0.994   0.823   0.29   0.20   +0.05     0.0   100.0     0.933    99.8
ref uni / model multi / Bright    0.53    99.5  3.83e+05  1.98e+04      94    2.41    1.48   0.31   0.28   +0.04     0.0   100.0      7.08   100.0
ref multi / model uni / Quiet     8.80     0.0     0.148     0.266      70    0.98    1.02   0.24   0.28   -0.04   100.0     0.0      1.02    11.6
ref multi / model uni / Bright    0.74     0.0      15.3      0.56      41       1    1.02   0.30   0.31   -0.02   100.0     0.0      7.41    95.4
ref multi / model multi / Quie   46.55     0.0     0.853      1.18      87   0.974   0.943   0.30   0.29   +0.00   100.0   100.0     0.741    86.7
ref multi / model multi / Brig    5.71     0.3       109      8.17      91    1.01   0.989   0.35   0.34   +0.01   100.0   100.0      3.89    99.6

## Regression-to-mean check, by reference peak height
group                             pix%    SSE%       MSE    relSSE   orth%     EMr     pkR     wP     wR   shift   refM%   modM%    gPkR    gEMr
------------------------------------------------------------------------------------------------------------------------------------------------
<=0                               0.32     0.2  1.61e+03         -     100       -       -      -      -       -     0.0    30.0       -       -
<0.001                            0.07     0.0       661  3.93e+10      93 3.35e+03     717   0.23   0.03   +0.59     1.4    35.1    2.23    4.81
0.001 to 0.0032                   0.12     0.1  1.44e+03  5.19e+09      94 1.14e+03     212   0.15   0.02   +0.72     4.4    24.5    3.54    5.43
0.0032 to 0.01                    0.23     0.1       976  3.98e+08      94     264    59.7   0.15   0.05   +0.62    12.9    25.2    1.88    2.65
0.01 to 0.032                     0.39     0.1       389  1.27e+07      90      45    13.9   0.19   0.10   +0.32    25.0    30.3    1.12     1.4
0.032 to 0.1                      1.33     4.6  7.14e+03  2.16e+07      89    14.9    5.21   0.19   0.15   +0.16    35.0    36.0    1.12    1.25
0.1 to 0.32                       4.75    15.7  6.83e+03  1.83e+06      94    3.48    1.94   0.19   0.18   +0.03    43.8    42.5   0.932   0.972
0.32 to 1                        17.19    45.5  5.46e+03  1.16e+05      93    1.55    1.21   0.23   0.23   +0.00    55.4    53.3   0.901   0.902
1 to 3.2                         45.25    24.2   1.1e+03  2.59e+03      94       1   0.973   0.28   0.27   -0.00    69.7    67.0   0.908    0.94
3.2 to 10                        27.01     1.8       141      48.9      93    0.97   0.925   0.29   0.28   -0.01    62.1    60.9    0.89   0.947
10 to 32                          3.10     7.4  4.92e+03       173      95    1.01    0.98   0.29   0.28   +0.00    39.5    39.2   0.962   0.987
32 to 1e+02                       0.23     0.2  1.67e+03      5.35      98    1.01   0.999   0.31   0.31   +0.00    30.0    30.1   0.994       1
1e+02 to 3.2e+02                  0.01     0.0      46.8    0.0105      52   0.996   0.995   0.27   0.26   +0.00    20.9    17.9   0.992   0.992
3.2e+02 to 1e+03                  0.00     0.0  1.63e+04     0.326      38    1.11    1.17   0.29   0.30   +0.01    28.0    20.4    1.08    1.05
1e+03 to 3.2e+03                  0.00     0.0  2.03e+05     0.719      38    1.35    1.46   0.29   0.32   +0.05    45.7    13.3    1.36    1.25

## Worst per-pixel SSE tail (bin-edge approximate)
group                             pix%    SSE%       MSE    relSSE   orth%     EMr     pkR     wP     wR   shift   refM%   modM%  bright%
-----------------------------------------------------------------------------------------------------------------------------------------
worst_0.1pct_approx               0.24   100.0  8.54e+05  1.91e+03      94    1.91    1.48   0.31   0.31   +0.03    53.0    46.6     90.5
worst_1pct_approx                 2.63   100.0  7.83e+04  1.24e+03      94    1.23    1.06   0.32   0.31   -0.01    60.9    59.1     56.9
remainder                        97.37     0.0     0.119    0.0697      68   0.984   0.958   0.27   0.26   +0.01    61.8    60.1      9.2
  worst_0.1pct_approx: pixel SSE >= 56.2; dominant channel of Bright part: 94:27%, 131:19%, 171:4%, 193:1%, 211:6%, 335:43%
  worst_1pct_approx: pixel SSE >= 17.8; dominant channel of Bright part: 94:23%, 131:19%, 171:11%, 193:4%, 211:10%, 335:32%

## Solver scatter (repeated AIA inputs)
groups by number of targets: {'1': 17445, '2': 10338, '3': 3028, '4': 415, '5': 19}; evicted: 29946

## Solver scatter, population
group                             pix%   modelMSE  scatterMSE    biasMSE  scatter%  biasOrth%     check
-------------------------------------------------------------------------------------------------------
full                            100.00   3.53e+03      0.0784   3.53e+03       0.0         94   9.5e-16
bright                           10.61   3.32e+04       0.233   3.32e+04       0.0         94   9.5e-16
quiet                            89.39       4.88      0.0601       4.82       1.2         94   4.3e-16

## Solver scatter, by intensity over threshold
group                             pix%   modelMSE  scatterMSE    biasMSE  scatter%  biasOrth%     check
-------------------------------------------------------------------------------------------------------
<0.03x                            3.46     0.0152     0.00749    0.00775      49.1         16   0.0e+00
0.03-0.1x                         9.60     0.0332      0.0162      0.017      48.9         43   8.6e-16
0.1-0.3x                         31.53     0.0774      0.0379     0.0395      48.9         64   7.5e-17
0.3-1x                           44.80       9.67      0.0891       9.58       0.9         94   4.3e-16
1-1.8x                            7.08   1.05e+03       0.169   1.05e+03       0.0         94   2.0e-16
1.8-3.2x                          2.36        165       0.262        165       0.2         95   1.4e-15
3.2-10x                           1.09        118       0.496        118       0.4         97   1.1e-15
10-32x                            0.07   3.56e+05         1.3   3.56e+05       0.0         97   3.6e-16
>=32x                             0.01   3.32e+07        2.32   3.32e+07       0.0         94   1.5e-16

Signed DEM error by logT bin (pred - ref, mean per pixel):
  bright +0.14 +0.10 -0.03 +0.13 +0.19 +0.13 +0.20 +0.18 +0.23 +0.26 +0.19 +0.08 +0.01 -0.01 +0.07 +0.24 +0.26 +0.15
  quiet  +0.01 +0.00 -0.01 -0.02 +0.01 +0.01 +0.00 +0.00 +0.00 +0.00 -0.02 -0.02 -0.04 -0.06 -0.03 +0.00 +0.02 +0.01
  logT    5.50  5.60  5.70  5.80  5.90  6.00  6.10  6.20  6.30  6.40  6.50  6.60  6.70  6.80  6.90  7.00  7.10  7.20
