# Bright-failure diagnostic: BP track, label-free model
model /home/hsr3649/projects/dem/output/experiments/resample/scaled_mlp6_barrier_h232_resample.pt
blocks 48,960   valid pixel-targets 705,016,779

Columns: pix% share of pixels | SSE% share of total DEM squared error | MSE per bin |
relSSE error energy / reference energy | orth% of SSE orthogonal to the reference curve
(temperature placement) vs along it (scale) | EMr, pkR aggregate predicted/reference emission
and peak height | wP, wR EM-weighted logT width (dex) | shift mean logT pred-ref (dex) |
refM%, modM% multi-peaked | p50 median per-pixel SSE | top1% SSE share of the worst 1%

## Population
group                             pix%    SSE%       MSE    relSSE   orth%     EMr     pkR     wP     wR   shift   refM%   modM%       p50   top1%
--------------------------------------------------------------------------------------------------------------------------------------------------
full                            100.00   100.0      5.28     0.799       4   0.767   0.817   0.16   0.19   -0.05    13.5     5.0    0.0295    97.5
bright                           10.12    98.9      51.6     0.816       4   0.743   0.814   0.20   0.24   -0.07    23.8    11.6      5.37    95.3
quiet                            89.88     1.1    0.0675     0.286      28   0.793   0.821   0.16   0.18   -0.05    12.3     4.2    0.0178    36.1

## By intensity (max over channels of observed/threshold)
group                             pix%    SSE%       MSE    relSSE   orth%     EMr     pkR     wP     wR   shift   refM%   modM%       p50   top1%
--------------------------------------------------------------------------------------------------------------------------------------------------
<0.03x                            3.85     0.0  0.000396     0.672       5   0.799   0.706   0.14   0.14   +0.01     0.9     6.5  2.14e-05    85.2
0.03-0.1x                        10.51     0.0   0.00199     0.425      14    0.81   0.785   0.14   0.15   -0.02     3.2     2.3  0.000309    67.9
0.1-0.3x                         33.02     0.1     0.012     0.248      26   0.817   0.836   0.15   0.17   -0.06     8.6     2.9   0.00562    41.6
0.3-1x                           42.50     1.1     0.133     0.288      29   0.788   0.818   0.17   0.20   -0.06    18.5     5.5     0.135    25.6
1-1.8x                            6.53     0.9     0.721     0.221      39   0.801   0.857   0.19   0.23   -0.06    22.5     8.1      2.14    15.6
1.8-3.2x                          2.35     1.1       2.4     0.193      45   0.803   0.878   0.21   0.25   -0.06    24.0    12.5      12.9    12.3
3.2-10x                           1.15     3.6      16.4     0.247      38   0.739   0.838   0.24   0.27   -0.10    29.8    25.1       107    13.2
10-32x                            0.08     4.9       335     0.618      17    0.48   0.596   0.30   0.31   -0.32    43.0    72.2  3.24e+03     7.7
>=32x                             0.01    88.4  4.75e+04     0.992       1   0.152   0.124   0.31   0.23   -0.63    18.3    89.2  8.91e+04    69.3

## Bright, by channel with the largest observed/threshold
group                             pix%    SSE%       MSE    relSSE   orth%     EMr     pkR     wP     wR   shift   refM%   modM%       p50   top1%
--------------------------------------------------------------------------------------------------------------------------------------------------
94                                1.96    85.1       230     0.952       2   0.578   0.661   0.19   0.25   -0.13    28.1     9.0      3.24    96.4
131                               1.80     9.3      27.3     0.785       3   0.843   0.849   0.25   0.29   -0.04    56.9    37.3      1.48    97.0
171                               1.73     0.2     0.575     0.113      58   0.906   0.907   0.19   0.21   -0.03    24.0     8.1     0.741    27.1
193                               0.76     0.0     0.338    0.0537      71   0.973   0.935   0.17   0.19   +0.01     5.9     0.3     0.562    32.8
211                               1.57     0.8      2.62     0.119      71   0.865   0.924   0.18   0.21   -0.03     5.2     0.4      14.1    20.6
335                               2.30     3.4      7.86     0.321      33   0.633   0.764   0.20   0.24   -0.11    12.8     7.8      35.5    26.9
quiet                            89.88     1.1    0.0675     0.286      28   0.793   0.821   0.16   0.18   -0.05    12.3     4.2    0.0178    36.1

## Bright, inclusive by trigger channel (overlapping)
group                             pix%    SSE%       MSE    relSSE   orth%     EMr     pkR     wP     wR   shift   refM%   modM%       p50   top1%
--------------------------------------------------------------------------------------------------------------------------------------------------
94                                5.27    97.8      98.1     0.834       3   0.727   0.811   0.21   0.24   -0.08    24.6    11.9      8.13    95.1
131                               5.10    97.7       101     0.837       3   0.736   0.802   0.23   0.26   -0.06    32.7    20.5      6.46    95.2
171                               4.94    94.3       101      0.84       3    0.76    0.82   0.21   0.24   -0.05    26.2    13.1      3.89    96.2
193                               4.93    96.8       104     0.828       3   0.761   0.832   0.21   0.23   -0.05    18.4    10.4      7.76    95.5
211                               4.92    97.2       104     0.824       4   0.747   0.831   0.21   0.23   -0.05    16.0    10.5      15.5    95.0
335                               5.22    98.4      99.5      0.83       3   0.696   0.791   0.21   0.25   -0.09    19.8    12.4      23.4    94.5

## By number of trigger channels
group                             pix%    SSE%       MSE    relSSE   orth%     EMr     pkR     wP     wR   shift   refM%   modM%       p50   top1%
--------------------------------------------------------------------------------------------------------------------------------------------------
0                                89.88     1.1    0.0675     0.286      28   0.793   0.821   0.16   0.18   -0.05    12.3     4.2    0.0178    36.1
1                                 3.42     0.6     0.871      0.37      24   0.723   0.768   0.19   0.24   -0.08    26.6    10.8      2.14    20.8
2                                 1.69     0.4      1.21     0.297      30   0.793   0.847   0.19   0.23   -0.05    21.9     8.9      2.34    32.9
3                                 1.20     0.8      3.38     0.428      17   0.785   0.844   0.19   0.23   -0.06    23.1     8.9      4.07    65.0
4                                 0.96     0.8      4.41     0.385      22   0.778   0.862   0.20   0.24   -0.05    21.1     9.1      6.76    56.1
5                                 0.90     2.6      15.2     0.579      11   0.756   0.828   0.21   0.24   -0.06    21.5    10.2      12.3    78.0
6                                 1.93    93.7       256     0.853       3    0.72   0.802   0.23   0.26   -0.07    23.5    19.0      35.5    94.9

## Top exact trigger patterns by SSE share
group                             pix%    SSE%       MSE    relSSE   orth%     EMr     pkR     wP     wR   shift   refM%   modM%       p50   top1%
--------------------------------------------------------------------------------------------------------------------------------------------------
94+131+171+193+211+335            1.93    93.7       256     0.853       3    0.72   0.802   0.23   0.26   -0.07    23.5    19.0      35.5    94.9
94+131+193+211+335                0.26     2.3        47     0.696       8    0.62   0.782   0.22   0.25   -0.11    14.5     9.7      56.2    74.1
94+131+335                        0.04     0.5      71.8     0.956       2   0.297   0.307   0.29   0.30   -0.29    33.2    62.4      67.6    39.7
335                               0.90     0.4      2.33     0.562      17   0.515   0.586   0.19   0.24   -0.13    14.4     5.0      22.4    12.3
94+131+211+335                    0.07     0.4      28.8     0.685      13    0.48   0.669   0.26   0.27   -0.18    16.9    24.9      93.3    34.5
94+131+193+335                    0.00     0.1       165     0.984       0   0.378   0.291   0.25   0.29   -0.14    37.9    29.2      6.76    49.1
94+335                            0.13     0.1      4.99     0.656      13   0.468   0.612   0.20   0.23   -0.18    10.7     6.6      29.5    18.8
211+335                           0.24     0.1      2.15      0.26      49   0.716   0.888   0.18   0.21   -0.06     3.0     0.2      25.7    11.3
94+211+335                        0.10     0.1      5.01      0.39      33   0.625    0.84   0.19   0.21   -0.10     2.3     0.2      38.9    17.4
94+193+211+335                    0.22     0.1      2.29     0.175      50   0.778   0.945   0.16   0.19   -0.06     2.5     0.0      14.1    16.4
131+171+193+211+335               0.17     0.1      2.75     0.236      44   0.846   0.847   0.23   0.26   +0.00    22.1    13.3      10.2    18.7
94+131+171+193+335                0.11     0.1      4.01     0.554      12   0.743   0.852   0.21   0.28   -0.10    45.4    13.5       4.9    74.5

## By DEM shape (reference x model x Bright)
group                             pix%    SSE%       MSE    relSSE   orth%     EMr     pkR     wP     wR   shift   refM%   modM%       p50   top1%
--------------------------------------------------------------------------------------------------------------------------------------------------
ref uni / model uni / Quiet      77.55     0.8     0.055     0.244      29   0.832   0.843   0.15   0.16   -0.03     0.0     0.0    0.0112    41.2
ref uni / model uni / Bright      7.44    10.7      7.58     0.408      17   0.798    0.87   0.19   0.21   -0.04     0.0     0.0      3.55    75.8
ref uni / model multi / Quiet     1.27     0.0     0.126     0.592      16   0.642   0.563   0.26   0.23   -0.14     0.0   100.0   0.00646    34.9
ref uni / model multi / Bright    0.27    81.0   1.6e+03     0.979       1   0.354   0.355   0.29   0.28   -0.21     0.0   100.0      97.7    91.3
ref multi / model uni / Quiet     8.55     0.3     0.172     0.507      26   0.599   0.699   0.18   0.33   -0.19   100.0     0.0     0.589    18.4
ref multi / model uni / Bright    1.50     1.0      3.47      0.37      30   0.718   0.807   0.20   0.32   -0.15   100.0     0.0      8.91    59.5
ref multi / model multi / Quie    2.51     0.0    0.0666     0.303      36   0.775   0.801   0.26   0.31   -0.08   100.0   100.0     0.234    23.7
ref multi / model multi / Brig    0.91     6.1      35.8     0.647      13    0.73   0.809   0.28   0.33   -0.09   100.0   100.0      6.46    86.6

## Regression-to-mean check, by reference peak height
group                             pix%    SSE%       MSE    relSSE   orth%     EMr     pkR     wP     wR   shift   refM%   modM%    gPkR    gEMr
------------------------------------------------------------------------------------------------------------------------------------------------
<=0                               7.00     0.0  3.44e-05         -     100       -       -      -      -       -     0.0     5.8       -       -
<0.001                            0.32     0.0  4.35e-06      95.8      62    5.69    6.35   0.17   0.14   +0.11     0.0     3.9    1.25    1.23
0.001 to 0.0032                   0.64     0.0  5.43e-06      8.27      65       2    2.16   0.16   0.14   +0.08     0.1     3.6   0.718   0.698
0.0032 to 0.01                    1.87     0.0  8.84e-06      1.34      64    1.18    1.27   0.16   0.15   +0.06     1.0     3.5   0.656   0.645
0.01 to 0.032                     3.95     0.0  2.84e-05     0.464      62   0.951    1.01   0.16   0.16   +0.02     4.2     2.6   0.659   0.651
0.032 to 0.1                      6.42     0.0  0.000129     0.225      36   0.862   0.904   0.15   0.17   -0.02     8.0     2.4   0.593   0.595
0.1 to 0.32                      10.14     0.0   0.00134     0.226      29   0.797   0.849   0.15   0.17   -0.07    10.9     3.3   0.519   0.507
0.32 to 1                        29.95     0.1    0.0098      0.14      41    0.86   0.909   0.16   0.19   -0.05    14.7     4.9   0.754   0.721
1 to 3.2                         28.08     0.5     0.103     0.219      34   0.795   0.844   0.17   0.20   -0.07    18.7     5.2   0.752   0.721
3.2 to 10                         9.53     1.6     0.875     0.223      36   0.779   0.813   0.18   0.22   -0.07    17.3     6.2   0.701   0.695
10 to 32                          1.90     3.2      8.93     0.245      39   0.746   0.827   0.22   0.25   -0.07    16.5    13.6   0.766   0.726
32 to 1e+02                       0.20     5.0       132     0.437      25   0.608   0.738   0.26   0.28   -0.17    20.5    33.5   0.686     0.6
1e+02 to 3.2e+02                  0.01     7.1   3.3e+03     0.916       5   0.227    0.23   0.31   0.24   -0.58    17.7    80.2   0.162   0.166
3.2e+02 to 1e+03                  0.00    12.2  2.76e+04     0.984       2   0.118  0.0887   0.31   0.18   -0.69    10.3    87.0  0.0686  0.0925
1e+03 to 3.2e+03                  0.00    15.5  2.35e+05     0.994       1  0.0839  0.0526   0.31   0.16   -0.75    10.2    92.3  0.0419  0.0685
>=3.2e+03                         0.00    54.8  7.58e+06         1       0  0.0329  0.0214   0.29   0.16   -0.77     4.1    90.3  0.0234  0.0383

## Worst per-pixel SSE tail (bin-edge approximate)
group                             pix%    SSE%       MSE    relSSE   orth%     EMr     pkR     wP     wR   shift   refM%   modM%  bright%
-----------------------------------------------------------------------------------------------------------------------------------------
worst_0.1pct_approx               0.15    94.9  3.33e+03     0.956       2   0.359   0.412   0.29   0.28   -0.35    22.4    59.2    100.0
worst_1pct_approx                 1.13    97.6       455      0.89       3   0.549   0.637   0.24   0.27   -0.16    20.5    23.2     96.5
remainder                        98.87     2.4     0.128     0.155      43   0.814   0.855   0.16   0.19   -0.05    13.4     4.8      9.1
  worst_0.1pct_approx: pixel SSE >= 1e+03; dominant channel of Bright part: 94:56%, 131:5%, 171:0%, 193:0%, 211:3%, 335:37%
  worst_1pct_approx: pixel SSE >= 100; dominant channel of Bright part: 94:20%, 131:8%, 171:3%, 193:1%, 211:16%, 335:52%

## Solver scatter (repeated AIA inputs)
groups by number of targets: {'1': 17445, '2': 10338, '3': 3028, '4': 415, '5': 19}; evicted: 29946

## Solver scatter, population
group                             pix%   modelMSE  scatterMSE    biasMSE  scatter%  biasOrth%     check
-------------------------------------------------------------------------------------------------------
full                            100.00       7.37       0.035       7.34       0.5          3   1.4e-15
bright                           10.38       70.5       0.225       70.3       0.3          3   1.4e-15
quiet                            89.62      0.064       0.013      0.051      20.3         32   3.1e-16

## Solver scatter, by intensity over threshold
group                             pix%   modelMSE  scatterMSE    biasMSE  scatter%  biasOrth%     check
-------------------------------------------------------------------------------------------------------
<0.03x                            3.98   0.000345     0.00014   0.000204      40.7          7   4.7e-16
0.03-0.1x                        10.85    0.00166     0.00055    0.00111      33.2         21   6.7e-16
0.1-0.3x                         33.13     0.0114     0.00367    0.00778      32.0         34   4.4e-16
0.3-1x                           41.66      0.128      0.0249      0.103      19.4         32   6.6e-16
1-1.8x                            6.59      0.691      0.0829      0.608      12.0         42   3.9e-16
1.8-3.2x                          2.45       2.35        0.18       2.17       7.7         46   9.3e-16
3.2-10x                           1.24       16.5       0.497         16       3.0         38   1.7e-16
10-32x                            0.08        337        2.75        334       0.8         17   2.5e-16
>=32x                             0.01   6.36e+04        47.1   6.36e+04       0.1          1   5.1e-16

Signed DEM error by logT bin (pred - ref, mean per pixel):
  bright -0.21 -0.05 -0.01 -0.02 -0.05 +0.05 +0.11 +0.25 -0.17 -0.87 -2.03 -1.64 -1.07 -0.86 -0.70 -0.41 -0.22 -0.11
  quiet  -0.04 -0.02 -0.02 -0.01 -0.00 +0.01 +0.02 +0.02 -0.03 -0.09 -0.17 -0.15 -0.09 -0.04 -0.03 -0.02 -0.02 -0.02
  logT    5.50  5.60  5.70  5.80  5.90  6.00  6.10  6.20  6.30  6.40  6.50  6.60  6.70  6.80  6.90  7.00  7.10  7.20
