# Bright-failure diagnostic: ENET track, label-free model
model /home/hsr3649/projects/dem/output/experiments/resample/scaled_mlp6_enet_h232_resample.pt
blocks 48,960   valid pixel-targets 802,160,640

Columns: pix% share of pixels | SSE% share of total DEM squared error | MSE per bin |
relSSE error energy / reference energy | orth% of SSE orthogonal to the reference curve
(temperature placement) vs along it (scale) | EMr, pkR aggregate predicted/reference emission
and peak height | wP, wR EM-weighted logT width (dex) | shift mean logT pred-ref (dex) |
refM%, modM% multi-peaked | p50 median per-pixel SSE | top1% SSE share of the worst 1%

## Population
group                             pix%    SSE%       MSE    relSSE   orth%     EMr     pkR     wP     wR   shift   refM%   modM%       p50   top1%
--------------------------------------------------------------------------------------------------------------------------------------------------
full                            100.00   100.0     0.794     0.238      55   0.926   0.942   0.25   0.26   -0.01    61.8    68.5       1.7    55.9
bright                           10.50    67.8      5.13     0.198      55   0.946    1.01   0.29   0.31   -0.01    61.5    65.8      13.5    67.0
quiet                            89.50    32.2     0.285     0.412      57    0.91   0.905   0.25   0.25   -0.01    61.8    68.9      1.29    16.5

## By intensity (max over channels of observed/threshold)
group                             pix%    SSE%       MSE    relSSE   orth%     EMr     pkR     wP     wR   shift   refM%   modM%       p50   top1%
--------------------------------------------------------------------------------------------------------------------------------------------------
<0.03x                            3.48     0.1    0.0186     0.886       7   0.511   0.388   0.25   0.17   -0.01    28.4    52.8    0.0407    19.1
0.03-0.1x                         9.65     0.6    0.0497     0.791      24   0.735   0.686   0.22   0.21   -0.01    41.6    60.6     0.214    15.6
0.1-0.3x                         31.63     5.5     0.139     0.585      45   0.876   0.854   0.23   0.23   -0.01    55.6    63.8     0.741    14.9
0.3-1x                           44.74    26.0     0.461     0.383      60   0.926   0.937   0.27   0.28   -0.01    73.3    75.4      2.95    12.5
1-1.8x                            7.02    10.2      1.15      0.22      74   0.949    1.01   0.29   0.31   -0.01    66.1    69.1      9.77    10.2
1.8-3.2x                          2.33     6.0      2.04     0.127      83   0.957    1.04   0.30   0.31   -0.02    54.6    59.3      19.5     9.7
3.2-10x                           1.06     8.5      6.37     0.083      86   0.959    1.01   0.31   0.32   -0.03    47.6    58.1      61.7    16.9
10-32x                            0.07     8.8      99.8      0.18      76   0.893   0.942   0.34   0.34   -0.08    45.7    66.9       646    49.1
>=32x                             0.01    34.4  2.88e+03     0.354      31    0.73   0.725   0.31   0.26   -0.10    21.3    40.1  7.76e+03    49.1

## Bright, by channel with the largest observed/threshold
group                             pix%    SSE%       MSE    relSSE   orth%     EMr     pkR     wP     wR   shift   refM%   modM%       p50   top1%
--------------------------------------------------------------------------------------------------------------------------------------------------
94                                1.94    30.3      12.4     0.204      39   0.914   0.954   0.33   0.33   -0.04    79.6    85.9      10.2    85.6
131                               1.83    18.6      8.07     0.468      52   0.917   0.962   0.40   0.42   -0.06    85.7    97.3      16.2    78.6
171                               1.87     2.0     0.855      0.13      76   0.972   0.954   0.28   0.29   -0.01    85.1    82.2      8.13    10.8
193                               0.86     0.8     0.753     0.102      81   0.962   0.988   0.23   0.26   +0.00    53.0    46.6      6.76    14.7
211                               1.72     2.6      1.19    0.0573      89    0.97   0.981   0.24   0.26   -0.01    33.6    24.8      7.08    31.3
335                               2.27    13.4      4.69     0.158      83   0.958    1.13   0.25   0.28   +0.03    31.5    48.2      46.8    17.0
quiet                            89.50    32.2     0.285     0.412      57    0.91   0.905   0.25   0.25   -0.01    61.8    68.9      1.29    16.5

## Bright, inclusive by trigger channel (overlapping)
group                             pix%    SSE%       MSE    relSSE   orth%     EMr     pkR     wP     wR   shift   refM%   modM%       p50   top1%
--------------------------------------------------------------------------------------------------------------------------------------------------
94                                5.05    50.1      7.87     0.168      47   0.944    1.01   0.31   0.32   -0.03    63.7    68.4      14.8    73.8
131                               5.03    54.9      8.67     0.187      48   0.939       1   0.34   0.36   -0.03    65.3    73.1      19.5    72.2
171                               5.00    45.9      7.29      0.17      43   0.944   0.998   0.30   0.32   -0.02    69.6    71.5      14.8    72.9
193                               5.00    47.6      7.56     0.161      44   0.947    1.01   0.28   0.30   -0.02    52.9    54.6      15.5    72.2
211                               5.00    48.2      7.65     0.158      45   0.949    1.02   0.27   0.29   -0.01    44.0    45.9      16.2    71.3
335                               5.01    54.5      8.63     0.175      48   0.948    1.05   0.27   0.30   +0.01    41.8    52.7      29.5    65.1

## By number of trigger channels
group                             pix%    SSE%       MSE    relSSE   orth%     EMr     pkR     wP     wR   shift   refM%   modM%       p50   top1%
--------------------------------------------------------------------------------------------------------------------------------------------------
0                                89.50    32.2     0.285     0.412      57    0.91   0.905   0.25   0.25   -0.01    61.8    68.9      1.29    16.5
1                                 3.75    15.2      3.23     0.731      80   0.945       1   0.29   0.31   -0.01    69.2    74.1      9.33    61.7
2                                 1.86     2.9      1.25     0.195      75   0.948    1.01   0.29   0.31   -0.01    64.4    66.1      9.77    15.4
3                                 1.28     2.8      1.74     0.172      78   0.948    1.03   0.29   0.31   -0.01    61.9    64.3      12.9    23.5
4                                 0.98     2.7      2.17     0.152      80   0.955    1.03   0.29   0.31   -0.01    58.7    62.9      15.5    26.9
5                                 0.91     3.9      3.42     0.137      73   0.953    1.03   0.29   0.31   -0.02    56.6    61.0      19.5    40.3
6                                 1.72    40.2      18.6     0.165      38   0.942    1.01   0.31   0.32   -0.03    45.4    52.6      32.4    76.3

## Top exact trigger patterns by SSE share
group                             pix%    SSE%       MSE    relSSE   orth%     EMr     pkR     wP     wR   shift   refM%   modM%       p50   top1%
--------------------------------------------------------------------------------------------------------------------------------------------------
94+131+171+193+211+335            1.72    40.2      18.6     0.165      38   0.942    1.01   0.31   0.32   -0.03    45.4    52.6      32.4    76.3
131                               0.70     6.4      7.25      2.94      81   0.904   0.913   0.41   0.43   -0.07    85.3    97.7      12.3    83.8
335                               0.95     5.2      4.34     0.546      74   0.946    1.11   0.23   0.27   +0.05    42.5    60.6      42.7    25.4
94                                0.83     2.9      2.73     0.794      93   0.947   0.939   0.33   0.32   -0.03    88.8    91.8      5.89    83.2
94+131+193+211+335                0.23     2.0      7.01     0.121      67   0.948    1.03   0.30   0.31   -0.02    31.7    44.9      29.5    49.8
131+171+193+211+335               0.20     0.7       2.9     0.185      82   0.961    1.07   0.26   0.30   +0.05    37.2    44.8      29.5    11.6
131+171                           0.48     0.6      1.02     0.379      58    0.92   0.843   0.35   0.38   -0.05    91.3    95.4      9.33    10.4
211+335                           0.25     0.6      1.96     0.166      88   0.958    1.15   0.22   0.26   +0.03    11.5    14.6      22.4     9.5
94+131+211+335                    0.06     0.5      6.39     0.121      80   0.962    1.06   0.30   0.31   -0.01    31.7    60.8      53.7    17.7
193+211+335                       0.23     0.5      1.68     0.139      90   0.966     1.1   0.21   0.26   +0.04    13.8    19.0      19.5     8.4
131+193+211+335                   0.11     0.4      3.22     0.184      84   0.951    1.06   0.28   0.33   +0.07    17.4    45.3      37.2     7.7
171                               0.66     0.4     0.516     0.253      69   0.965   0.912   0.26   0.27   -0.00    90.1    84.8      5.13    11.3

## By DEM shape (reference x model x Bright)
group                             pix%    SSE%       MSE    relSSE   orth%     EMr     pkR     wP     wR   shift   refM%   modM%       p50   top1%
--------------------------------------------------------------------------------------------------------------------------------------------------
ref uni / model uni / Quiet      19.58     4.9     0.199     0.304      63   0.932   0.984   0.15   0.15   +0.00     0.0     0.0     0.468    20.4
ref uni / model uni / Bright      2.74    20.1      5.83     0.143      47   0.954    1.06   0.23   0.25   +0.01     0.0     0.0      14.8    69.5
ref uni / model multi / Quiet    14.57     8.6     0.467     0.643      44   0.844   0.733   0.27   0.24   +0.01     0.0   100.0      2.04    15.0
ref uni / model multi / Bright    1.30    22.7      13.9     0.286      64   0.952    1.01   0.29   0.31   +0.05     0.0   100.0      33.9    73.2
ref multi / model uni / Quiet     8.29     2.0     0.193     0.302      72   0.949    1.02   0.18   0.23   -0.02   100.0     0.0      1.02    15.9
ref multi / model uni / Bright    0.85     3.3      3.09     0.165      53    0.96       1   0.23   0.25   -0.02   100.0     0.0      8.51    64.9
ref multi / model multi / Quie   47.06    16.7     0.282     0.397      59   0.915   0.904   0.29   0.30   -0.02   100.0   100.0      1.62    14.5
ref multi / model multi / Brig    5.61    21.7      3.07     0.213      53   0.936   0.974   0.33   0.35   -0.04   100.0   100.0      11.7    56.7

## Regression-to-mean check, by reference peak height
group                             pix%    SSE%       MSE    relSSE   orth%     EMr     pkR     wP     wR   shift   refM%   modM%    gPkR    gEMr
------------------------------------------------------------------------------------------------------------------------------------------------
<=0                               0.32     0.0     0.123         -     100       -       -      -      -       -     0.0    29.9       -       -
<0.001                            0.07     0.0     0.377  2.24e+07     100     329     262   0.26   0.03   +0.63     1.4    23.2    1.06    1.69
0.001 to 0.0032                   0.12     0.0    0.0295  1.06e+05     100    83.1    66.8   0.19   0.02   +0.75     4.4    29.9   0.962    1.37
0.0032 to 0.01                    0.23     0.0    0.0126  5.13e+03      92    27.5    22.9   0.19   0.05   +0.67    12.9    33.0   0.527   0.714
0.01 to 0.032                     0.39     0.0    0.0137       444      96     8.6    7.25   0.24   0.10   +0.39    25.0    49.3   0.496   0.673
0.032 to 0.1                      1.33     0.2     0.127       383      94    3.37       3   0.24   0.15   +0.21    35.0    59.1   0.587   0.742
0.1 to 0.32                       4.75     0.8     0.127        34      92    1.51    1.43   0.22   0.18   +0.04    43.8    59.8   0.593    0.68
0.32 to 1                        17.19     2.6      0.12      2.56      85    1.01    1.04   0.23   0.23   -0.02    55.4    64.3   0.763   0.795
1 to 3.2                         45.25    10.8     0.189     0.445      67   0.929   0.934   0.26   0.27   -0.03    69.7    73.6   0.851   0.878
3.2 to 10                        27.01    34.5      1.01     0.352      65   0.909   0.915   0.26   0.28   -0.01    62.1    68.8   0.851   0.875
10 to 32                          3.10    13.4      3.44     0.121      76   0.948   0.997   0.26   0.28   -0.01    39.5    46.7   0.961    0.93
32 to 1e+02                       0.23     7.5      26.2    0.0842      74   0.928   0.965   0.30   0.31   -0.04    30.0    47.0   0.965   0.938
1e+02 to 3.2e+02                  0.01     8.6       797     0.179      45   0.777   0.764   0.31   0.26   -0.09    20.9    38.1   0.761   0.781
3.2e+02 to 1e+03                  0.00    12.9   1.9e+04      0.38      18   0.549   0.581   0.32   0.30   -0.14    28.0    48.0   0.592   0.557
1e+03 to 3.2e+03                  0.00     8.7  1.63e+05     0.576       7   0.345   0.352   0.33   0.32   -0.19    45.7    67.6   0.349   0.324

## Worst per-pixel SSE tail (bin-edge approximate)
group                             pix%    SSE%       MSE    relSSE   orth%     EMr     pkR     wP     wR   shift   refM%   modM%  bright%
-----------------------------------------------------------------------------------------------------------------------------------------
worst_0.1pct_approx               0.15    46.6       249     0.291      43   0.866   0.903   0.32   0.33   -0.05    33.8    68.3     98.2
worst_1pct_approx                 1.01    55.9        44      0.26      47   0.903   0.939   0.30   0.32   +0.00    38.6    71.0     83.1
remainder                        98.99    44.1     0.353     0.215      65   0.928   0.942   0.25   0.26   -0.01    62.0    68.5      9.8
  worst_0.1pct_approx: pixel SSE >= 316; dominant channel of Bright part: 94:40%, 131:14%, 171:0%, 193:0%, 211:3%, 335:43%
  worst_1pct_approx: pixel SSE >= 100; dominant channel of Bright part: 94:15%, 131:16%, 171:2%, 193:1%, 211:5%, 335:61%

## Solver scatter (repeated AIA inputs)
groups by number of targets: {'1': 17445, '2': 10338, '3': 3028, '4': 415, '5': 19}; evicted: 29946

## Solver scatter, population
group                             pix%   modelMSE  scatterMSE    biasMSE  scatter%  biasOrth%     check
-------------------------------------------------------------------------------------------------------
full                            100.00      0.769      0.0784       0.69      10.2         61   0.0e+00
bright                           10.61       4.83       0.233        4.6       4.8         60   3.4e-16
quiet                            89.39      0.286      0.0601      0.226      21.0         62   5.7e-16

## Solver scatter, by intensity over threshold
group                             pix%   modelMSE  scatterMSE    biasMSE  scatter%  biasOrth%     check
-------------------------------------------------------------------------------------------------------
<0.03x                            3.46     0.0187     0.00749     0.0112      40.0         11   8.8e-17
0.03-0.1x                         9.60     0.0499      0.0162     0.0337      32.5         32   4.8e-16
0.1-0.3x                         31.53      0.139      0.0379      0.101      27.2         52   1.7e-15
0.3-1x                           44.80      0.461      0.0891      0.372      19.3         65   2.8e-16
1-1.8x                            7.08       1.15       0.169      0.983      14.6         76   1.8e-16
1.8-3.2x                          2.36       2.04       0.262       1.78      12.8         85   0.0e+00
3.2-10x                           1.09       6.43       0.496       5.94       7.7         88   3.1e-16
10-32x                            0.07       99.3         1.3         98       1.3         76   0.0e+00
>=32x                             0.01   2.52e+03        2.32   2.52e+03       0.1         39   0.0e+00

Signed DEM error by logT bin (pred - ref, mean per pixel):
  bright -0.79 +0.17 +0.40 +0.21 -0.32 +0.02 +0.13 +0.00 -0.21 +0.88 -1.37 +0.40 +0.19 -0.28 -0.09 -0.10 -0.70 -0.40
  quiet  -0.20 +0.02 +0.06 +0.02 -0.05 +0.03 +0.01 +0.02 -0.03 +0.16 -0.41 +0.21 -0.02 -0.07 -0.03 +0.13 -0.11 -0.19
  logT    5.50  5.60  5.70  5.80  5.90  6.00  6.10  6.20  6.30  6.40  6.50  6.60  6.70  6.80  6.90  7.00  7.10  7.20
