# Bright-failure diagnostic: BP track, label-free model
model /home/hsr3649/projects/dem/output/experiments/input_encoding/scaled_mlp6_barrier_h336_sqrt_ff12_resample.pt
blocks 48,960   valid pixel-targets 705,016,779

Columns: pix% share of pixels | SSE% share of total DEM squared error | MSE per bin |
relSSE error energy / reference energy | orth% of SSE orthogonal to the reference curve
(temperature placement) vs along it (scale) | EMr, pkR aggregate predicted/reference emission
and peak height | wP, wR EM-weighted logT width (dex) | shift mean logT pred-ref (dex) |
refM%, modM% multi-peaked | p50 median per-pixel SSE | top1% SSE share of the worst 1%

## Population
group                             pix%    SSE%       MSE    relSSE   orth%     EMr     pkR     wP     wR   shift   refM%   modM%       p50   top1%
--------------------------------------------------------------------------------------------------------------------------------------------------
full                            100.00   100.0      4.56      0.69       5   0.839   0.811   0.17   0.19   -0.04    13.5     9.7    0.0234    98.1
bright                           10.12    98.9      44.5     0.705       5   0.839   0.813   0.21   0.24   -0.04    23.8    11.7      2.57    96.9
quiet                            89.88     1.1    0.0573     0.243      25   0.839    0.81   0.16   0.18   -0.04    12.3     9.5    0.0148    41.7

## By intensity (max over channels of observed/threshold)
group                             pix%    SSE%       MSE    relSSE   orth%     EMr     pkR     wP     wR   shift   refM%   modM%       p50   top1%
--------------------------------------------------------------------------------------------------------------------------------------------------
<0.03x                            3.85     0.0  0.000399     0.677       5   0.821   0.688   0.14   0.14   -0.00     0.9    27.2  1.23e-05    85.4
0.03-0.1x                        10.51     0.0   0.00187       0.4      10   0.859   0.773   0.14   0.15   -0.02     3.2    16.0  0.000257    72.9
0.1-0.3x                         33.02     0.1      0.01     0.207      19   0.868   0.825   0.15   0.17   -0.05     8.6     9.4    0.0049    49.5
0.3-1x                           42.50     1.1     0.113     0.245      25   0.833   0.807   0.17   0.20   -0.05    18.5     6.3     0.102    29.9
1-1.8x                            6.53     0.7     0.515     0.158      36    0.87   0.842   0.19   0.23   -0.04    22.5     8.2      1.23    21.6
1.8-3.2x                          2.35     0.7      1.37      0.11      45   0.897   0.864   0.22   0.25   -0.03    24.0    12.3       4.9    19.6
3.2-10x                           1.15     2.4      9.63     0.145      37   0.853   0.845   0.25   0.27   -0.05    29.8    25.2      30.9    18.2
10-32x                            0.08     4.5       265     0.489      20   0.609   0.642   0.33   0.31   -0.20    43.0    72.8  2.24e+03     8.6
>=32x                             0.01    90.5   4.2e+04     0.876       3   0.352   0.224   0.43   0.23   -0.19    18.3    91.1  7.76e+04    70.1

## Bright, by channel with the largest observed/threshold
group                             pix%    SSE%       MSE    relSSE   orth%     EMr     pkR     wP     wR   shift   refM%   modM%       p50   top1%
--------------------------------------------------------------------------------------------------------------------------------------------------
94                                1.96    88.0       205     0.849       4   0.672   0.683   0.20   0.25   -0.10    28.1     9.2      2.04    96.9
131                               1.80     8.0      20.2     0.581       5   0.899   0.853   0.26   0.29   -0.03    56.9    39.3      1.29    97.0
171                               1.73     0.2     0.475    0.0934      61   0.931   0.902   0.19   0.21   -0.02    24.0     7.3     0.646    30.2
193                               0.76     0.1     0.334    0.0531      71   0.973   0.936   0.17   0.19   +0.01     5.9     0.3     0.562    32.6
211                               1.57     0.4      1.26     0.057      85    1.01   0.894   0.19   0.21   +0.01     5.2     0.5      4.07    30.9
335                               2.30     2.2      4.33     0.177      28   0.768    0.77   0.21   0.24   -0.06    12.8     6.8      13.5    33.2
quiet                            89.88     1.1    0.0573     0.243      25   0.839    0.81   0.16   0.18   -0.04    12.3     9.5    0.0148    41.7

## Bright, inclusive by trigger channel (overlapping)
group                             pix%    SSE%       MSE    relSSE   orth%     EMr     pkR     wP     wR   shift   refM%   modM%       p50   top1%
--------------------------------------------------------------------------------------------------------------------------------------------------
94                                5.27    98.0      84.8     0.721       5   0.829   0.816   0.21   0.24   -0.06    24.6    11.9      3.89    96.8
131                               5.10    97.9      87.5     0.725       5   0.837   0.807   0.24   0.26   -0.03    32.7    20.9      3.55    96.8
171                               4.94    94.7      87.4     0.729       5   0.849   0.825   0.21   0.24   -0.03    26.2    13.0      2.69    97.6
193                               4.93    97.0      89.7     0.716       5   0.861   0.833   0.21   0.23   -0.02    18.4    10.3      3.89    97.2
211                               4.92    97.3      90.1     0.712       5   0.863    0.83   0.21   0.23   -0.02    16.0    10.2       4.9    96.9
335                               5.22    98.5      85.9     0.716       5   0.812   0.792   0.22   0.25   -0.05    19.8    12.0      8.13    96.3

## By number of trigger channels
group                             pix%    SSE%       MSE    relSSE   orth%     EMr     pkR     wP     wR   shift   refM%   modM%       p50   top1%
--------------------------------------------------------------------------------------------------------------------------------------------------
0                                89.88     1.1    0.0573     0.243      25   0.839    0.81   0.16   0.18   -0.04    12.3     9.5    0.0148    41.7
1                                 3.42     0.5     0.684      0.29      22   0.792   0.761   0.20   0.24   -0.06    26.6    11.1      1.23    24.4
2                                 1.69     0.3     0.869     0.213      28   0.871   0.837   0.20   0.23   -0.03    21.9     9.0      1.29    39.9
3                                 1.20     0.7      2.59     0.328      19   0.867   0.837   0.20   0.23   -0.03    23.1     9.2      2.04    70.9
4                                 0.96     0.7      3.36     0.294      21   0.868   0.849   0.20   0.24   -0.03    21.1     9.1      2.95    64.5
5                                 0.90     2.4      12.3     0.467      12   0.859   0.823   0.22   0.24   -0.02    21.5    10.2       4.9    84.0
6                                 1.93    94.2       222      0.74       5   0.833   0.811   0.24   0.26   -0.03    23.5    18.5      10.2    96.6

## Top exact trigger patterns by SSE share
group                             pix%    SSE%       MSE    relSSE   orth%     EMr     pkR     wP     wR   shift   refM%   modM%       p50   top1%
--------------------------------------------------------------------------------------------------------------------------------------------------
94+131+171+193+211+335            1.93    94.2       222      0.74       5   0.833   0.811   0.24   0.26   -0.03    23.5    18.5      10.2    96.6
94+131+193+211+335                0.26     2.2      37.9     0.562       9   0.788   0.783   0.23   0.25   -0.04    14.5    10.5      10.2    80.6
94+131+335                        0.04     0.5      59.6     0.793       8   0.446   0.393   0.31   0.30   -0.17    33.2    63.6      42.7    41.3
94+131+211+335                    0.07     0.4      22.8     0.542      13   0.609   0.694   0.27   0.27   -0.10    16.9    23.4      33.9    38.3
335                               0.90     0.4      1.83     0.441      14   0.615   0.585   0.20   0.24   -0.09    14.4     4.5      12.3    14.3
94+131+193+335                    0.00     0.1       148     0.882       5   0.497   0.376   0.26   0.29   -0.09    37.9    29.1      6.46    49.9
94+335                            0.13     0.1      3.93     0.516      12   0.565   0.622   0.21   0.23   -0.13    10.7     5.8        17    22.5
131+171+193+211+335               0.17     0.1      2.52     0.216      51   0.936   0.827   0.23   0.26   +0.03    22.1    11.8      4.07    21.6
94+131+171+193+335                0.11     0.1      3.49     0.481      17   0.748   0.861   0.21   0.28   -0.10    45.4    15.0       4.9    71.1
94                                0.80     0.1     0.359     0.266      26   0.776   0.838   0.18   0.25   -0.12    33.5     3.2     0.776    35.0
94+211+335                        0.10     0.1      2.54     0.198      25   0.814   0.835   0.19   0.21   -0.04     2.3     0.1      5.13    29.7
131+193+211+335                   0.10     0.0      2.18     0.156      62   0.961   0.859   0.23   0.27   +0.03    16.9     6.8      6.46    17.4

## By DEM shape (reference x model x Bright)
group                             pix%    SSE%       MSE    relSSE   orth%     EMr     pkR     wP     wR   shift   refM%   modM%       p50   top1%
--------------------------------------------------------------------------------------------------------------------------------------------------
ref uni / model uni / Quiet      73.00     0.8    0.0471     0.196      25    0.88   0.834   0.15   0.16   -0.02     0.0     0.0    0.0112    47.9
ref uni / model uni / Bright      7.46    31.9      19.5     0.558       5   0.897   0.861   0.19   0.21   -0.02     0.0     0.0      1.62    95.5
ref uni / model multi / Quiet     5.82     0.0    0.0274     0.624      12   0.604   0.431   0.26   0.21   -0.20     0.0   100.0  1.29e-10    72.6
ref uni / model multi / Bright    0.25    60.3   1.1e+03     0.874       3    0.47   0.396   0.32   0.28   -0.11     0.0   100.0      70.8    87.8
ref multi / model uni / Quiet     8.37     0.3     0.168     0.493      25   0.628   0.686   0.18   0.32   -0.18   100.0     0.0     0.537    18.9
ref multi / model uni / Bright    1.48     0.7      2.07     0.245      44   0.772   0.801   0.21   0.31   -0.14   100.0     0.0      7.76    42.6
ref multi / model multi / Quie    2.69     0.0    0.0551     0.249      34   0.846   0.774   0.28   0.32   -0.06   100.0   100.0     0.148    27.8
ref multi / model multi / Brig    0.93     6.0      29.5      0.53      17   0.823   0.818   0.29   0.33   -0.05   100.0   100.0      3.89    89.5

## Regression-to-mean check, by reference peak height
group                             pix%    SSE%       MSE    relSSE   orth%     EMr     pkR     wP     wR   shift   refM%   modM%    gPkR    gEMr
------------------------------------------------------------------------------------------------------------------------------------------------
<=0                               7.00     0.0  4.75e-06         -     100       -       -      -      -       -     0.0    64.5       -       -
<0.001                            0.32     0.0  7.58e-06       167      79    4.32     4.6   0.16   0.14   +0.07     0.0    15.3   0.788   0.706
0.001 to 0.0032                   0.64     0.0  8.89e-06      13.5      77     1.6    1.67   0.16   0.14   +0.04     0.1     7.9   0.417   0.395
0.0032 to 0.01                    1.87     0.0  1.21e-05      1.83      70    1.09    1.12   0.15   0.15   +0.03     1.0     4.4   0.538   0.539
0.01 to 0.032                     3.95     0.0  2.67e-05     0.435      56   0.959   0.979   0.15   0.16   +0.00     4.2     3.3   0.684   0.691
0.032 to 0.1                      6.42     0.0  0.000132      0.23      38    0.89   0.897   0.15   0.17   -0.03     8.0     3.7   0.659   0.677
0.1 to 0.32                      10.14     0.0   0.00123     0.208      27   0.835   0.839   0.15   0.17   -0.07    10.9     5.1   0.582   0.593
0.32 to 1                        29.95     0.1    0.0087     0.124      40   0.883   0.902   0.16   0.19   -0.04    14.7     5.6   0.773   0.767
1 to 3.2                         28.08     0.5    0.0881     0.187      32   0.833   0.834   0.17   0.20   -0.06    18.7     5.5   0.748   0.763
3.2 to 10                         9.53     1.3     0.641     0.164      33   0.853   0.798   0.19   0.22   -0.04    17.3     6.0   0.692   0.763
10 to 32                          1.90     2.2      5.35     0.147      38   0.873   0.822   0.23   0.25   -0.02    16.5    13.2   0.765   0.851
32 to 1e+02                       0.20     4.2      96.1     0.317      26   0.744   0.761   0.27   0.28   -0.09    20.5    33.6   0.718   0.742
1e+02 to 3.2e+02                  0.01     6.9  2.77e+03     0.768      10   0.414   0.321   0.41   0.24   -0.20    17.7    82.9   0.258   0.367
3.2e+02 to 1e+03                  0.00    12.2  2.38e+04      0.85       6    0.34   0.194   0.44   0.18   -0.13    10.3    88.3   0.155   0.301
1e+03 to 3.2e+03                  0.00    15.4  2.02e+05     0.854       4   0.322   0.169   0.42   0.16   -0.07    10.2    77.0   0.152   0.314
>=3.2e+03                         0.00    57.1  6.82e+06     0.899       1   0.187   0.108   0.40   0.16   -0.02     4.1    68.4   0.117   0.228

## Worst per-pixel SSE tail (bin-edge approximate)
group                             pix%    SSE%       MSE    relSSE   orth%     EMr     pkR     wP     wR   shift   refM%   modM%  bright%
-----------------------------------------------------------------------------------------------------------------------------------------
worst_0.1pct_approx               0.11    95.9  4.07e+03     0.851       4   0.452   0.409   0.34   0.28   -0.24    23.5    68.6    100.0
worst_1pct_approx                 1.20    98.3       372     0.795       5   0.636   0.584   0.24   0.28   -0.12    27.5    22.9     86.2
remainder                        98.80     1.7    0.0795     0.081      43   0.876   0.853   0.16   0.19   -0.04    13.3     9.5      9.2
  worst_0.1pct_approx: pixel SSE >= 1e+03; dominant channel of Bright part: 94:67%, 131:5%, 171:0%, 193:0%, 211:2%, 335:25%
  worst_1pct_approx: pixel SSE >= 56.2; dominant channel of Bright part: 94:22%, 131:10%, 171:5%, 193:2%, 211:12%, 335:50%

## Solver scatter (repeated AIA inputs)
groups by number of targets: {'1': 17445, '2': 10338, '3': 3028, '4': 415, '5': 19}; evicted: 29946

## Solver scatter, population
group                             pix%   modelMSE  scatterMSE    biasMSE  scatter%  biasOrth%     check
-------------------------------------------------------------------------------------------------------
full                            100.00       6.44       0.035       6.41       0.5          4   1.8e-16
bright                           10.38       61.6       0.225       61.4       0.4          4   3.6e-16
quiet                            89.62     0.0535       0.013     0.0405      24.3         27   1.9e-16

## Solver scatter, by intensity over threshold
group                             pix%   modelMSE  scatterMSE    biasMSE  scatter%  biasOrth%     check
-------------------------------------------------------------------------------------------------------
<0.03x                            3.98   0.000347     0.00014   0.000207      40.4          7   7.8e-17
0.03-0.1x                        10.85    0.00154     0.00055   0.000993      35.7         14   2.1e-16
0.1-0.3x                         33.13    0.00943     0.00367    0.00576      38.9         25   8.9e-16
0.3-1x                           41.66      0.107      0.0249     0.0822      23.3         27   7.0e-16
1-1.8x                            6.59      0.475      0.0829      0.393      17.4         37   5.7e-16
1.8-3.2x                          2.45       1.29        0.18       1.11      13.9         45   1.4e-16
3.2-10x                           1.24       9.63       0.497       9.13       5.2         37   3.0e-16
10-32x                            0.08        268        2.75        266       1.0         20   0.0e+00
>=32x                             0.01   5.66e+04        47.1   5.66e+04       0.1          2   5.7e-16

Signed DEM error by logT bin (pred - ref, mean per pixel):
  bright -0.23 -0.10 -0.06 -0.03 -0.04 +0.03 +0.22 +0.19 -0.45 -0.21 -0.66 -0.84 -0.83 -0.85 -0.67 -0.33 -0.12 -0.03
  quiet  -0.04 -0.02 -0.02 -0.01 -0.00 +0.01 +0.03 +0.02 -0.05 -0.05 -0.10 -0.11 -0.07 -0.04 -0.02 -0.02 -0.02 -0.02
  logT    5.50  5.60  5.70  5.80  5.90  6.00  6.10  6.20  6.30  6.40  6.50  6.60  6.70  6.80  6.90  7.00  7.10  7.20
