# Bright-failure diagnostic: ENET track, label-free model
model /home/hsr3649/projects/dem/output/experiments/input_encoding/scaled_mlp6_enet_h336_sqrt_ff12_resample.pt
blocks 48,960   valid pixel-targets 802,160,640

Columns: pix% share of pixels | SSE% share of total DEM squared error | MSE per bin |
relSSE error energy / reference energy | orth% of SSE orthogonal to the reference curve
(temperature placement) vs along it (scale) | EMr, pkR aggregate predicted/reference emission
and peak height | wP, wR EM-weighted logT width (dex) | shift mean logT pred-ref (dex) |
refM%, modM% multi-peaked | p50 median per-pixel SSE | top1% SSE share of the worst 1%

## Population
group                             pix%    SSE%       MSE    relSSE   orth%     EMr     pkR     wP     wR   shift   refM%   modM%       p50   top1%
--------------------------------------------------------------------------------------------------------------------------------------------------
full                            100.00   100.0      0.31     0.093      59   0.983   0.945   0.28   0.26   +0.01    61.8    57.9     0.851    54.9
bright                           10.50    64.7      1.91    0.0738      58   0.998    0.99   0.32   0.31   +0.00    61.5    56.7       4.9    73.7
quiet                            89.50    35.3     0.122     0.177      61   0.972   0.923   0.27   0.25   +0.01    61.8    58.0     0.676    12.6

## By intensity (max over channels of observed/threshold)
group                             pix%    SSE%       MSE    relSSE   orth%     EMr     pkR     wP     wR   shift   refM%   modM%       p50   top1%
--------------------------------------------------------------------------------------------------------------------------------------------------
<0.03x                            3.48     0.2    0.0154     0.736       8   0.487   0.468   0.23   0.17   -0.00    28.4    30.3    0.0269    21.4
0.03-0.1x                         9.65     1.0    0.0327      0.52      28   0.802   0.755   0.23   0.21   +0.02    41.6    41.0     0.135    15.6
0.1-0.3x                         31.63     7.8    0.0761     0.321      51   0.946   0.896   0.24   0.23   +0.01    55.6    51.7     0.427    12.2
0.3-1x                           44.74    26.4     0.183     0.152      65   0.986   0.944   0.30   0.28   +0.01    73.3    68.3      1.41    10.2
1-1.8x                            7.02     8.7     0.383    0.0731      76   0.998   0.981   0.32   0.31   +0.01    66.1    60.6      3.72    10.7
1.8-3.2x                          2.33     4.9     0.649    0.0404      80       1   0.996   0.32   0.31   +0.00    54.6    50.5      6.46    12.6
3.2-10x                           1.06     4.8      1.41    0.0183      82   0.997   0.998   0.33   0.32   -0.00    47.6    45.6      15.5     9.1
10-32x                            0.07     1.8      8.13    0.0146      77    0.99   0.999   0.35   0.34   -0.01    45.7    46.7      97.7    10.8
>=32x                             0.01    44.5  1.46e+03     0.179      49   0.989    1.01   0.28   0.26   -0.01    21.3    17.6       646    93.9

## Bright, by channel with the largest observed/threshold
group                             pix%    SSE%       MSE    relSSE   orth%     EMr     pkR     wP     wR   shift   refM%   modM%       p50   top1%
--------------------------------------------------------------------------------------------------------------------------------------------------
94                                1.94    24.1      3.84    0.0633      59   0.987   0.978   0.34   0.33   +0.00    79.6    80.3      6.17    82.6
131                               1.83    28.4      4.81     0.279      49    1.01   0.976   0.46   0.42   +0.03    85.7    79.3      5.89    88.8
171                               1.87     2.5     0.412    0.0629      79   0.993   0.955   0.30   0.29   -0.00    85.1    81.7      4.07     9.7
193                               0.86     0.9      0.32    0.0436      85   0.989   0.987   0.27   0.26   +0.00    53.0    43.3      2.95    11.5
211                               1.72     2.8       0.5     0.024      88   0.997   0.995   0.27   0.26   -0.00    33.6    23.3      3.24    31.5
335                               2.27     6.1     0.832     0.028      75       1    1.01   0.29   0.28   -0.00    31.5    28.3      6.76    14.9
quiet                            89.50    35.3     0.122     0.177      61   0.972   0.923   0.27   0.25   +0.01    61.8    58.0     0.676    12.6

## Bright, inclusive by trigger channel (overlapping)
group                             pix%    SSE%       MSE    relSSE   orth%     EMr     pkR     wP     wR   shift   refM%   modM%       p50   top1%
--------------------------------------------------------------------------------------------------------------------------------------------------
94                                5.05    57.2      3.51    0.0749      56   0.994    0.99   0.33   0.32   -0.00    63.7    60.9      6.76    80.7
131                               5.03    56.8       3.5    0.0755      56   0.999    0.99   0.38   0.36   +0.01    65.3    60.1      6.76    81.0
171                               5.00    55.8      3.46    0.0806      56   0.996   0.986   0.33   0.32   +0.00    69.6    65.5      5.89    82.4
193                               5.00    56.1      3.48    0.0739      56   0.995   0.994   0.31   0.30   -0.00    52.9    47.9      5.62    82.4
211                               5.00    56.1      3.48    0.0717      56   0.995   0.995   0.30   0.29   -0.00    44.0    38.6      5.37    82.4
335                               5.01    58.1       3.6    0.0731      56   0.998   0.999   0.30   0.30   -0.00    41.8    37.7      7.08    79.5

## By number of trigger channels
group                             pix%    SSE%       MSE    relSSE   orth%     EMr     pkR     wP     wR   shift   refM%   modM%       p50   top1%
--------------------------------------------------------------------------------------------------------------------------------------------------
0                                89.50    35.3     0.122     0.177      61   0.972   0.923   0.27   0.25   +0.01    61.8    58.0     0.676    12.6
1                                 3.75     5.3     0.434    0.0984      72    1.01   0.991   0.32   0.31   +0.01    69.2    64.1      3.55    17.2
2                                 1.86     2.4     0.398    0.0621      76   0.998   0.972   0.33   0.31   +0.01    64.4    58.6      3.89    11.1
3                                 1.28     2.0      0.49    0.0483      78   0.997   0.983   0.33   0.31   +0.00    61.9    57.8      4.68    14.8
4                                 0.98     1.8     0.579    0.0407      79   0.996   0.987   0.32   0.31   +0.00    58.7    54.9      5.37    18.0
5                                 0.91     2.4     0.805    0.0322      78   0.996   0.991   0.32   0.31   -0.00    56.6    52.1      6.46    28.9
6                                 1.72    50.8      9.16    0.0814      54   0.995   0.999   0.33   0.32   -0.01    45.4    41.4      11.2    87.7

## Top exact trigger patterns by SSE share
group                             pix%    SSE%       MSE    relSSE   orth%     EMr     pkR     wP     wR   shift   refM%   modM%       p50   top1%
--------------------------------------------------------------------------------------------------------------------------------------------------
94+131+171+193+211+335            1.72    50.8      9.16    0.0814      54   0.995   0.999   0.33   0.32   -0.01    45.4    41.4      11.2    87.7
335                               0.95     2.3     0.741    0.0932      70    1.02    1.04   0.27   0.27   +0.00    42.5    39.0      5.13    17.1
94                                0.83     1.1     0.411     0.119      67   0.985   0.953   0.33   0.32   +0.00    88.8    89.2      4.27     7.8
131                               0.70     1.0     0.423     0.172      75    1.03   0.969   0.48   0.43   +0.05    85.3    77.3      4.47    10.5
94+131+193+211+335                0.23     0.8      1.09    0.0189      73   0.992       1   0.32   0.31   -0.01    31.7    27.4      8.13    28.6
131+171                           0.48     0.6     0.399     0.149      76    1.01    0.92   0.42   0.38   +0.02    91.3    84.1      4.68     7.4
171                               0.66     0.5     0.244      0.12      72   0.984   0.932   0.28   0.27   -0.01    90.1    85.0      2.45     8.1
94+131+171+193+211                0.23     0.5     0.642    0.0586      85       1   0.982   0.36   0.34   +0.01    92.7    91.4      5.13    27.6
94+171+193+211+335                0.14     0.4     0.897    0.0566      79   0.987   0.991   0.23   0.23   -0.01    41.9    38.0      6.17    39.5
131+171+193+211+335               0.20     0.4     0.607    0.0389      81    1.01   0.981   0.31   0.30   -0.00    37.2    28.5      5.37    23.7
94+131+171                        0.21     0.4     0.553     0.114      75       1    0.96   0.47   0.45   +0.01    98.2    98.1      6.46     7.1
211+335                           0.25     0.4      0.44    0.0374      79       1   0.987   0.27   0.26   -0.01    11.5     6.9      4.47    11.5

## By DEM shape (reference x model x Bright)
group                             pix%    SSE%       MSE    relSSE   orth%     EMr     pkR     wP     wR   shift   refM%   modM%       p50   top1%
--------------------------------------------------------------------------------------------------------------------------------------------------
ref uni / model uni / Quiet      27.22     8.3    0.0943      0.13      57   0.967    0.93   0.20   0.18   +0.01     0.0     0.0     0.339    15.2
ref uni / model uni / Bright      3.59    21.7      1.88    0.0411      55   0.997   0.998   0.28   0.27   +0.00     0.0     0.0      4.68    71.6
ref uni / model multi / Quiet     6.93     3.3     0.149     0.278      48   0.935   0.782   0.29   0.20   +0.06     0.0   100.0     0.851    12.6
ref uni / model multi / Bright    0.45     1.4      0.97    0.0395      81    1.01       1   0.32   0.28   +0.04     0.0   100.0      8.13    26.9
ref multi / model uni / Quiet    10.36     4.6     0.138     0.242      70   0.982   0.998   0.26   0.28   -0.02   100.0     0.0     0.977    11.7
ref multi / model uni / Bright    0.95    31.2      10.2     0.376      53   0.997    1.01   0.31   0.30   -0.02   100.0     0.0      6.46    93.8
ref multi / model multi / Quie   44.99    19.1     0.132     0.181      63   0.976   0.921   0.31   0.29   +0.01   100.0   100.0     0.851    11.5
ref multi / model multi / Brig    5.50    10.3     0.582    0.0452      78   0.998   0.976   0.36   0.34   +0.01   100.0   100.0      4.68    22.8

## Regression-to-mean check, by reference peak height
group                             pix%    SSE%       MSE    relSSE   orth%     EMr     pkR     wP     wR   shift   refM%   modM%    gPkR    gEMr
------------------------------------------------------------------------------------------------------------------------------------------------
<=0                               0.32     0.0   0.00411         -     100       -       -      -      -       -     0.0    20.9       -       -
<0.001                            0.07     0.0   0.00294  1.75e+05      99     264     258   0.22   0.03   +0.64     1.4    24.2    2.38    3.58
0.001 to 0.0032                   0.12     0.0   0.00365  1.31e+04      99    70.2    66.9   0.15   0.02   +0.74     4.4    27.5    2.36    3.23
0.0032 to 0.01                    0.23     0.0    0.0037  1.51e+03      97    23.6    23.2   0.16   0.05   +0.64    12.9    27.6    1.13    1.49
0.01 to 0.032                     0.39     0.0   0.00511       166      94    7.59    7.43   0.21   0.10   +0.33    25.0    36.7   0.793       1
0.032 to 0.1                      1.33     0.0   0.00794        24      92    3.09    3.07   0.21   0.15   +0.18    35.0    41.8   0.749   0.887
0.1 to 0.32                       4.75     0.2    0.0118      3.18      84    1.47    1.46   0.20   0.18   +0.04    43.8    41.5   0.696   0.747
0.32 to 1                        17.19     1.9    0.0344     0.733      75    1.05    1.06   0.24   0.23   +0.01    55.4    51.1   0.818   0.839
1 to 3.2                         45.25    16.6     0.114     0.268      69   0.989   0.949   0.29   0.27   +0.01    69.7    64.7   0.884   0.941
3.2 to 10                        27.01    26.2     0.301     0.105      62   0.967   0.914   0.30   0.28   -0.00    62.1    58.5   0.877   0.947
10 to 32                          3.10     7.7     0.769     0.027      75   0.991   0.972   0.29   0.28   -0.00    39.5    35.5   0.959   0.985
32 to 1e+02                       0.23     2.9      3.96    0.0127      80    0.99   0.998   0.32   0.31   -0.01    30.0    27.0   0.997   0.992
1e+02 to 3.2e+02                  0.01     2.4      85.7    0.0192      61   0.967   0.968   0.28   0.26   -0.01    20.9    16.7   0.964   0.968
3.2e+02 to 1e+03                  0.00    20.7   1.2e+04     0.239      46    1.05    1.11   0.30   0.30   +0.01    28.0    17.8    1.04    1.01
1e+03 to 3.2e+03                  0.00    21.3  1.57e+05     0.554      51    1.21    1.35   0.27   0.32   +0.06    45.7     3.2    1.26    1.13

## Worst per-pixel SSE tail (bin-edge approximate)
group                             pix%    SSE%       MSE    relSSE   orth%     EMr     pkR     wP     wR   shift   refM%   modM%  bright%
-----------------------------------------------------------------------------------------------------------------------------------------
worst_0.1pct_approx               0.10    47.6       144     0.138      51   0.996    1.04   0.31   0.30   +0.02    45.9    38.6     98.4
worst_1pct_approx                 2.70    61.6      7.08     0.107      55   0.974   0.958   0.32   0.31   -0.01    60.3    57.3     59.1
remainder                        97.30    38.4     0.122    0.0767      67   0.985   0.944   0.27   0.26   +0.01    61.8    57.9      9.1
  worst_0.1pct_approx: pixel SSE >= 100; dominant channel of Bright part: 94:41%, 131:14%, 171:2%, 193:0%, 211:4%, 335:39%
  worst_1pct_approx: pixel SSE >= 17.8; dominant channel of Bright part: 94:24%, 131:18%, 171:12%, 193:3%, 211:10%, 335:33%

## Solver scatter (repeated AIA inputs)
groups by number of targets: {'1': 17445, '2': 10338, '3': 3028, '4': 415, '5': 19}; evicted: 29946

## Solver scatter, population
group                             pix%   modelMSE  scatterMSE    biasMSE  scatter%  biasOrth%     check
-------------------------------------------------------------------------------------------------------
full                            100.00       0.41      0.0784      0.332      19.1         56   4.3e-16
bright                           10.61       2.82       0.233       2.59       8.2         54   7.8e-16
quiet                            89.39      0.124      0.0601     0.0636      48.6         69   5.3e-16

## Solver scatter, by intensity over threshold
group                             pix%   modelMSE  scatterMSE    biasMSE  scatter%  biasOrth%     check
-------------------------------------------------------------------------------------------------------
<0.03x                            3.46     0.0156     0.00749     0.0081      48.0         13   3.2e-16
0.03-0.1x                         9.60     0.0329      0.0162     0.0167      49.3         41   1.4e-16
0.1-0.3x                         31.53     0.0766      0.0379     0.0388      49.4         62   2.3e-16
0.3-1x                           44.80      0.184      0.0891     0.0953      48.3         72   6.2e-16
1-1.8x                            7.08      0.384       0.169      0.216      43.9         79   3.4e-16
1.8-3.2x                          2.36      0.651       0.262      0.389      40.3         81   6.0e-16
3.2-10x                           1.09        1.4       0.496      0.908      35.3         84   3.6e-16
10-32x                            0.07       7.83         1.3       6.54      16.6         79   3.3e-16
>=32x                             0.01   2.46e+03        2.32   2.45e+03       0.1         49   7.4e-16

Signed DEM error by logT bin (pred - ref, mean per pixel):
  bright +0.11 +0.10 -0.02 -0.19 +0.07 +0.06 +0.05 -0.07 -0.01 +0.09 +0.01 -0.10 -0.19 -0.08 -0.03 +0.01 +0.07 +0.05
  quiet  -0.00 +0.00 -0.01 -0.02 +0.00 +0.02 -0.00 -0.00 +0.00 +0.01 -0.02 -0.03 -0.07 -0.05 -0.04 -0.00 +0.02 +0.02
  logT    5.50  5.60  5.70  5.80  5.90  6.00  6.10  6.20  6.30  6.40  6.50  6.60  6.70  6.80  6.90  7.00  7.10  7.20
