# Bright-failure diagnostic: BP track, label-free model
model /home/hsr3649/projects/dem/output/experiments/resample/scaled_mlp6_barrier_resample.pt
blocks 48,960   valid pixel-targets 705,016,779

Columns: pix% share of pixels | SSE% share of total DEM squared error | MSE per bin |
relSSE error energy / reference energy | orth% of SSE orthogonal to the reference curve
(temperature placement) vs along it (scale) | EMr, pkR aggregate predicted/reference emission
and peak height | wP, wR EM-weighted logT width (dex) | shift mean logT pred-ref (dex) |
refM%, modM% multi-peaked | p50 median per-pixel SSE | top1% SSE share of the worst 1%

## Population
group                             pix%    SSE%       MSE    relSSE   orth%     EMr     pkR     wP     wR   shift   refM%   modM%       p50   top1%
--------------------------------------------------------------------------------------------------------------------------------------------------
full                            100.00   100.0       5.1     0.772       3   0.833    0.81   0.17   0.19   -0.05    13.5     8.8    0.0234    98.3
bright                           10.12    99.0      49.9      0.79       3    0.83    0.81   0.20   0.24   -0.04    23.8    11.7      2.57    97.3
quiet                            89.88     1.0    0.0574     0.243      25   0.836    0.81   0.16   0.18   -0.05    12.3     8.5    0.0141    41.4

## By intensity (max over channels of observed/threshold)
group                             pix%    SSE%       MSE    relSSE   orth%     EMr     pkR     wP     wR   shift   refM%   modM%       p50   top1%
--------------------------------------------------------------------------------------------------------------------------------------------------
<0.03x                            3.85     0.0  0.000401      0.68       4   0.798   0.654   0.15   0.14   -0.01     0.9    31.6  9.77e-06    85.2
0.03-0.1x                        10.51     0.0   0.00188     0.402      10   0.848   0.767   0.14   0.15   -0.03     3.2    11.5  0.000234    72.6
0.1-0.3x                         33.02     0.1    0.0101     0.208      19   0.863   0.824   0.15   0.17   -0.06     8.6     7.9   0.00447    49.3
0.3-1x                           42.50     0.9     0.113     0.245      25   0.831   0.808   0.17   0.20   -0.05    18.5     6.2     0.102    29.7
1-1.8x                            6.53     0.7     0.524     0.161      38   0.869   0.844   0.19   0.23   -0.04    22.5     8.2      1.23    23.1
1.8-3.2x                          2.35     0.6      1.38     0.111      46   0.896   0.866   0.21   0.25   -0.04    24.0    12.7       4.9    20.7
3.2-10x                           1.15     2.2       9.6     0.145      36   0.849   0.845   0.25   0.27   -0.05    29.8    25.4      30.9    18.4
10-32x                            0.08     4.4       290     0.536      18   0.569   0.619   0.30   0.31   -0.26    43.0    70.3  2.45e+03     8.7
>=32x                             0.01    91.1  4.73e+04     0.988       1   0.195   0.137   0.33   0.23   -0.54    18.3    87.6  8.91e+04    69.5

## Bright, by channel with the largest observed/threshold
group                             pix%    SSE%       MSE    relSSE   orth%     EMr     pkR     wP     wR   shift   refM%   modM%       p50   top1%
--------------------------------------------------------------------------------------------------------------------------------------------------
94                                1.96    87.0       227      0.94       2   0.641   0.664   0.20   0.25   -0.11    28.1     8.9      2.04    97.1
131                               1.80     9.5        27     0.775       3   0.886   0.847   0.25   0.29   -0.03    56.9    39.6      1.23    97.8
171                               1.73     0.2     0.458    0.0901      59   0.929   0.903   0.19   0.21   -0.02    24.0     7.7     0.617    30.2
193                               0.76     0.1     0.336    0.0533      71   0.972   0.936   0.16   0.19   +0.01     5.9     0.2     0.562    32.6
211                               1.57     0.4      1.24    0.0561      85    1.01   0.896   0.19   0.21   +0.01     5.2     0.3      4.27    30.3
335                               2.30     1.9      4.29     0.175      28   0.767   0.773   0.21   0.24   -0.06    12.8     7.0      13.5    33.4
quiet                            89.88     1.0    0.0574     0.243      25   0.836    0.81   0.16   0.18   -0.05    12.3     8.5    0.0141    41.4

## Bright, inclusive by trigger channel (overlapping)
group                             pix%    SSE%       MSE    relSSE   orth%     EMr     pkR     wP     wR   shift   refM%   modM%       p50   top1%
--------------------------------------------------------------------------------------------------------------------------------------------------
94                                5.27    98.2      95.1     0.809       3   0.816    0.81   0.21   0.24   -0.06    24.6    12.0      3.72    97.2
131                               5.10    98.2      98.2     0.813       3   0.823   0.801   0.23   0.26   -0.04    32.7    21.0      3.55    97.1
171                               4.94    94.9      98.1     0.818       3   0.838   0.819   0.21   0.24   -0.03    26.2    13.4      2.57    97.9
193                               4.93    97.2       101     0.804       3   0.849   0.828   0.21   0.23   -0.02    18.4    10.6      3.89    97.5
211                               4.92    97.5       101     0.798       3   0.851   0.826   0.21   0.23   -0.02    16.0    10.4       4.9    97.2
335                               5.22    98.6      96.3     0.803       3     0.8   0.788   0.22   0.25   -0.05    19.8    12.3      8.13    96.7

## By number of trigger channels
group                             pix%    SSE%       MSE    relSSE   orth%     EMr     pkR     wP     wR   shift   refM%   modM%       p50   top1%
--------------------------------------------------------------------------------------------------------------------------------------------------
0                                89.88     1.0    0.0574     0.243      25   0.836    0.81   0.16   0.18   -0.05    12.3     8.5    0.0141    41.4
1                                 3.42     0.5     0.712     0.302      26   0.791   0.763   0.19   0.24   -0.06    26.6    10.9      1.23    28.1
2                                 1.69     0.3     0.888     0.217      27   0.869   0.839   0.19   0.23   -0.03    21.9     9.0      1.29    41.3
3                                 1.20     0.7      2.89     0.366      13    0.86   0.835   0.20   0.23   -0.04    23.1     9.0      2.04    73.8
4                                 0.96     0.7      3.55     0.311      18   0.863   0.849   0.20   0.24   -0.03    21.1     9.0      2.95    66.4
5                                 0.90     2.4      13.6     0.517       8   0.847   0.819   0.21   0.24   -0.03    21.5    10.0       4.9    85.4
6                                 1.93    94.5       249     0.831       3   0.818   0.803   0.24   0.26   -0.04    23.5    19.3      10.2    96.9

## Top exact trigger patterns by SSE share
group                             pix%    SSE%       MSE    relSSE   orth%     EMr     pkR     wP     wR   shift   refM%   modM%       p50   top1%
--------------------------------------------------------------------------------------------------------------------------------------------------
94+131+171+193+211+335            1.93    94.5       249     0.831       3   0.818   0.803   0.24   0.26   -0.04    23.5    19.3      10.2    96.9
94+131+193+211+335                0.26     2.2      42.4     0.628       5   0.762   0.774   0.22   0.25   -0.05    14.5     8.5      11.2    81.6
94+131+335                        0.04     0.5      69.8     0.929       2   0.359   0.319   0.29   0.30   -0.23    33.2    59.9      44.7    40.9
94+131+211+335                    0.07     0.3      24.2     0.576      10   0.586    0.69   0.26   0.27   -0.11    16.9    21.3      35.5    40.5
335                               0.90     0.3       1.8     0.432      14   0.618    0.59   0.20   0.24   -0.09    14.4     4.7      12.3    14.4
94+131+193+335                    0.00     0.1       165     0.983       0   0.389   0.289   0.25   0.29   -0.13    37.9    28.5      6.46    49.2
94+335                            0.13     0.1      3.89     0.511      12   0.565   0.625   0.21   0.23   -0.13    10.7     5.2      16.2    22.7
94+131+171+193+335                0.11     0.1      3.99      0.55      12   0.743   0.856   0.21   0.28   -0.10    45.4    14.9       4.9    74.7
131+171+193+211+335               0.17     0.1      2.47     0.212      50   0.935   0.826   0.23   0.26   +0.03    22.1    13.1      3.89    21.7
131                               0.67     0.1     0.468     0.455      57   0.882   0.804   0.25   0.29   -0.04    57.0    42.2     0.589    60.6
94                                0.80     0.1     0.361     0.268      26   0.775   0.839   0.18   0.25   -0.12    33.5     3.0     0.776    35.1
94+211+335                        0.10     0.0      2.54     0.197      25   0.813   0.842   0.19   0.21   -0.04     2.3     0.1      5.13    29.7

## By DEM shape (reference x model x Bright)
group                             pix%    SSE%       MSE    relSSE   orth%     EMr     pkR     wP     wR   shift   refM%   modM%       p50   top1%
--------------------------------------------------------------------------------------------------------------------------------------------------
ref uni / model uni / Quiet      73.75     0.7    0.0465     0.196      25   0.878   0.834   0.15   0.16   -0.03     0.0     0.0    0.0102    48.0
ref uni / model uni / Bright      7.46    18.5      12.7     0.503       6   0.893   0.861   0.19   0.21   -0.02     0.0     0.0      1.62    93.1
ref uni / model multi / Quiet     5.07     0.0    0.0302     0.599      13   0.631   0.472   0.36   0.22   -0.19     0.0   100.0  1.02e-12    71.3
ref uni / model multi / Bright    0.25    73.6   1.5e+03      0.97       1    0.42   0.362   0.30   0.29   -0.15     0.0   100.0      61.7    90.9
ref multi / model uni / Quiet     8.48     0.3     0.169     0.496      26   0.622   0.687   0.18   0.32   -0.19   100.0     0.0     0.562    18.7
ref multi / model uni / Bright    1.47     1.1      3.85     0.377      28   0.756   0.797   0.20   0.32   -0.14   100.0     0.0      8.13    68.4
ref multi / model multi / Quie    2.59     0.0    0.0544     0.249      34    0.85   0.778   0.28   0.31   -0.06   100.0   100.0     0.141    28.8
ref multi / model multi / Brig    0.94     5.7      31.4     0.596      14   0.813   0.819   0.29   0.33   -0.06   100.0   100.0      3.55    90.3

## Regression-to-mean check, by reference peak height
group                             pix%    SSE%       MSE    relSSE   orth%     EMr     pkR     wP     wR   shift   refM%   modM%    gPkR    gEMr
------------------------------------------------------------------------------------------------------------------------------------------------
<=0                               7.00     0.0   0.00281         -     100       -       -      -      -       -     0.0    57.6       -       -
<0.001                            0.32     0.0  4.87e-05  1.07e+03      94    4.49    4.56   0.20   0.14   +0.05     0.0     6.8   0.307   0.385
0.001 to 0.0032                   0.64     0.0  0.000175       267      86    1.65    1.65   0.17   0.14   +0.02     0.1     3.0   0.269   0.307
0.0032 to 0.01                    1.87     0.0   1.3e-05      1.97      73    1.08    1.09   0.16   0.15   +0.02     1.0     2.3   0.431   0.466
0.01 to 0.032                     3.95     0.0  0.000158      2.57      91   0.933   0.946   0.15   0.16   -0.00     4.2     2.5   0.589   0.615
0.032 to 0.1                      6.42     0.0  0.000302     0.528      73   0.873   0.878   0.15   0.17   -0.03     8.0     3.1   0.566   0.601
0.1 to 0.32                      10.14     0.0   0.00153     0.259      41   0.827   0.833   0.15   0.17   -0.07    10.9     4.4   0.506    0.53
0.32 to 1                        29.95     0.1   0.00897     0.128      42    0.88   0.902   0.16   0.19   -0.05    14.7     5.2   0.745   0.742
1 to 3.2                         28.08     0.5      0.09     0.191      34   0.832   0.835   0.17   0.20   -0.06    18.7     5.4   0.742   0.756
3.2 to 10                         9.53     1.2     0.643     0.164      33   0.852   0.799   0.19   0.22   -0.04    17.3     6.1   0.693   0.762
10 to 32                          1.90     2.0      5.35     0.147      37    0.87   0.824   0.22   0.25   -0.02    16.5    13.5   0.767   0.848
32 to 1e+02                       0.20     4.0       102     0.335      24   0.726   0.756   0.26   0.28   -0.11    20.5    32.3   0.708   0.716
1e+02 to 3.2e+02                  0.01     7.1  3.19e+03     0.886       6   0.285   0.245   0.32   0.24   -0.49    17.7    78.1   0.169   0.213
3.2e+02 to 1e+03                  0.00    12.5  2.73e+04     0.976       2   0.157     0.1   0.32   0.18   -0.59    10.3    85.8  0.0722   0.125
1e+03 to 3.2e+03                  0.00    16.0  2.34e+05     0.991       1   0.114  0.0638   0.32   0.16   -0.64    10.2    87.0  0.0453  0.0938
>=3.2e+03                         0.00    56.6  7.58e+06     0.999       0   0.042  0.0275   0.30   0.16   -0.69     4.1    81.8  0.0277  0.0494

## Worst per-pixel SSE tail (bin-edge approximate)
group                             pix%    SSE%       MSE    relSSE   orth%     EMr     pkR     wP     wR   shift   refM%   modM%  bright%
-----------------------------------------------------------------------------------------------------------------------------------------
worst_0.1pct_approx               0.11    96.4  4.55e+03     0.958       2   0.376   0.361   0.30   0.28   -0.33    24.2    65.1    100.0
worst_1pct_approx                 1.19    98.5       422     0.892       3   0.605   0.568   0.23   0.28   -0.13    27.6    22.5     86.1
remainder                        98.81     1.5    0.0798    0.0809      43   0.874   0.854   0.17   0.19   -0.05    13.3     8.7      9.2
  worst_0.1pct_approx: pixel SSE >= 1e+03; dominant channel of Bright part: 94:68%, 131:5%, 171:0%, 193:0%, 211:2%, 335:25%
  worst_1pct_approx: pixel SSE >= 56.2; dominant channel of Bright part: 94:22%, 131:10%, 171:5%, 193:2%, 211:12%, 335:50%

## Solver scatter (repeated AIA inputs)
groups by number of targets: {'1': 17445, '2': 10338, '3': 3028, '4': 415, '5': 19}; evicted: 29946

## Solver scatter, population
group                             pix%   modelMSE  scatterMSE    biasMSE  scatter%  biasOrth%     check
-------------------------------------------------------------------------------------------------------
full                            100.00       7.18       0.035       7.14       0.5          2   6.3e-16
bright                           10.38       68.7       0.225       68.5       0.3          2   8.0e-16
quiet                            89.62     0.0536       0.013     0.0406      24.3         28   4.6e-16

## Solver scatter, by intensity over threshold
group                             pix%   modelMSE  scatterMSE    biasMSE  scatter%  biasOrth%     check
-------------------------------------------------------------------------------------------------------
<0.03x                            3.98   0.000349     0.00014   0.000209      40.2          6   3.9e-16
0.03-0.1x                        10.85    0.00155     0.00055      0.001      35.4         15   0.0e+00
0.1-0.3x                         33.13     0.0095     0.00367    0.00583      38.6         25   3.5e-16
0.3-1x                           41.66      0.107      0.0249     0.0824      23.2         28   6.9e-16
1-1.8x                            6.59      0.485      0.0829      0.403      17.1         39   8.3e-16
1.8-3.2x                          2.45       1.29        0.18       1.11      14.0         45   4.2e-16
3.2-10x                           1.24        9.6       0.497       9.11       5.2         36   3.0e-16
10-32x                            0.08        292        2.75        289       0.9         17   0.0e+00
>=32x                             0.01   6.34e+04        47.1   6.33e+04       0.1          1   1.7e-16

Signed DEM error by logT bin (pred - ref, mean per pixel):
  bright -0.24 -0.09 -0.04 -0.02 -0.05 +0.02 +0.22 +0.19 -0.44 -0.23 -0.67 -0.84 -0.83 -0.86 -0.70 -0.41 -0.22 -0.11
  quiet  -0.04 -0.02 -0.02 -0.01 -0.00 +0.01 +0.03 +0.02 -0.05 -0.05 -0.10 -0.11 -0.07 -0.04 -0.03 -0.02 -0.02 -0.02
  logT    5.50  5.60  5.70  5.80  5.90  6.00  6.10  6.20  6.30  6.40  6.50  6.60  6.70  6.80  6.90  7.00  7.10  7.20
