# Bright-failure diagnostic: BP track, label-free model
model /home/hsr3649/projects/dem/output/experiments/resample/scaled_mlp6_barrier_h108_resample.pt
blocks 48,960   valid pixel-targets 705,016,779

Columns: pix% share of pixels | SSE% share of total DEM squared error | MSE per bin |
relSSE error energy / reference energy | orth% of SSE orthogonal to the reference curve
(temperature placement) vs along it (scale) | EMr, pkR aggregate predicted/reference emission
and peak height | wP, wR EM-weighted logT width (dex) | shift mean logT pred-ref (dex) |
refM%, modM% multi-peaked | p50 median per-pixel SSE | top1% SSE share of the worst 1%

## Population
group                             pix%    SSE%       MSE    relSSE   orth%     EMr     pkR     wP     wR   shift   refM%   modM%       p50   top1%
--------------------------------------------------------------------------------------------------------------------------------------------------
full                            100.00   100.0      4.58     0.693       4   0.863   0.804   0.17   0.19   -0.03    13.5     5.7    0.0468    97.8
bright                           10.12    98.8      44.7     0.707       4   0.861   0.805   0.21   0.24   -0.03    23.8     9.8      3.09    96.1
quiet                            89.88     1.2    0.0625     0.265      31   0.865   0.803   0.17   0.18   -0.02    12.3     5.2    0.0309    39.3

## By intensity (max over channels of observed/threshold)
group                             pix%    SSE%       MSE    relSSE   orth%     EMr     pkR     wP     wR   shift   refM%   modM%       p50   top1%
--------------------------------------------------------------------------------------------------------------------------------------------------
<0.03x                            3.85     0.0    0.0004     0.679       8   0.901   0.761   0.15   0.14   +0.05     0.9     9.8  4.07e-05    83.7
0.03-0.1x                        10.51     0.0   0.00191     0.408      16    0.92    0.81   0.15   0.15   +0.02     3.2     9.7  0.000708    69.7
0.1-0.3x                         33.02     0.1    0.0111     0.228      27   0.899   0.823   0.16   0.17   -0.03     8.6     4.3    0.0107    45.2
0.3-1x                           42.50     1.1     0.123     0.267      31   0.858   0.799   0.18   0.20   -0.03    18.5     4.4     0.155    27.9
1-1.8x                            6.53     0.9     0.614     0.188      45   0.895   0.835   0.20   0.23   -0.03    22.5     6.6      1.48    19.2
1.8-3.2x                          2.35     0.9      1.81     0.146      56   0.922   0.857   0.22   0.25   -0.03    24.0    10.6      5.62    16.9
3.2-10x                           1.15     2.9      11.7     0.176      46   0.869   0.838   0.25   0.27   -0.05    29.8    22.0      40.7    15.7
10-32x                            0.08     3.9       231     0.426      22   0.633    0.64   0.32   0.31   -0.19    43.0    67.7  2.24e+03     8.5
>=32x                             0.01    90.1   4.2e+04     0.877       1    0.35   0.193   0.39   0.23   -0.21    18.3    76.7  6.17e+04    73.9

## Bright, by channel with the largest observed/threshold
group                             pix%    SSE%       MSE    relSSE   orth%     EMr     pkR     wP     wR   shift   refM%   modM%       p50   top1%
--------------------------------------------------------------------------------------------------------------------------------------------------
94                                1.96    85.3       199     0.827       2   0.692   0.675   0.20   0.25   -0.09    28.1     8.0      2.34    97.1
131                               1.80     9.8      24.9     0.716       4   0.915   0.836   0.26   0.29   -0.02    56.9    33.7      1.55    97.2
171                               1.73     0.2     0.519     0.102      61   0.946   0.883   0.20   0.21   -0.02    24.0     6.6     0.891    30.0
193                               0.76     0.1      0.39    0.0619      75    1.02   0.945   0.17   0.19   +0.02     5.9     0.2      1.55    29.0
211                               1.57     1.1      3.19     0.144      91    1.06   0.871   0.19   0.21   +0.02     5.2     0.1      7.08    29.7
335                               2.30     2.3      4.64      0.19      30   0.774   0.777   0.21   0.24   -0.06    12.8     5.0      14.8    31.9
quiet                            89.88     1.2    0.0625     0.265      31   0.865   0.803   0.17   0.18   -0.02    12.3     5.2    0.0309    39.3

## Bright, inclusive by trigger channel (overlapping)
group                             pix%    SSE%       MSE    relSSE   orth%     EMr     pkR     wP     wR   shift   refM%   modM%       p50   top1%
--------------------------------------------------------------------------------------------------------------------------------------------------
94                                5.27    97.7        85     0.722       4    0.85   0.808   0.21   0.24   -0.05    24.6    10.3      4.47    96.1
131                               5.10    97.7      87.7     0.726       4   0.858   0.801   0.24   0.26   -0.03    32.7    17.8      4.07    96.1
171                               4.94    95.1      88.2     0.735       3   0.867   0.813   0.22   0.24   -0.03    26.2    11.4      3.09    97.0
193                               4.93    97.0      90.1     0.719       4   0.882   0.825   0.21   0.23   -0.01    18.4     9.1      4.47    96.4
211                               4.92    97.4      90.5     0.715       4   0.886   0.821   0.21   0.23   -0.01    16.0     8.8      6.46    96.0
335                               5.22    98.2      86.1     0.718       4   0.829   0.788   0.22   0.25   -0.04    19.8    10.2      8.91    95.6

## By number of trigger channels
group                             pix%    SSE%       MSE    relSSE   orth%     EMr     pkR     wP     wR   shift   refM%   modM%       p50   top1%
--------------------------------------------------------------------------------------------------------------------------------------------------
0                                89.88     1.2    0.0625     0.265      31   0.865   0.803   0.17   0.18   -0.02    12.3     5.2    0.0309    39.3
1                                 3.42     0.6     0.773     0.328      28   0.813   0.749   0.20   0.24   -0.05    26.6     9.1      1.48    23.2
2                                 1.69     0.4      0.99     0.242      38   0.899    0.83   0.20   0.23   -0.02    21.9     7.4      1.55    33.0
3                                 1.20     0.6      2.27     0.287      28   0.895   0.835   0.20   0.23   -0.03    23.1     7.4      2.45    58.1
4                                 0.96     0.7      3.27     0.285      29   0.892   0.845   0.21   0.24   -0.02    21.1     7.6      3.39    54.5
5                                 0.90     2.0      10.4     0.394      17   0.888   0.821   0.22   0.24   -0.02    21.5     8.4      5.62    75.8
6                                 1.93    94.5       224     0.746       3    0.85   0.801   0.24   0.26   -0.03    23.5    16.6      12.3    96.0

## Top exact trigger patterns by SSE share
group                             pix%    SSE%       MSE    relSSE   orth%     EMr     pkR     wP     wR   shift   refM%   modM%       p50   top1%
--------------------------------------------------------------------------------------------------------------------------------------------------
94+131+171+193+211+335            1.93    94.5       224     0.746       3    0.85   0.801   0.24   0.26   -0.03    23.5    16.6      12.3    96.0
94+131+193+211+335                0.26     1.7      30.7     0.456      13   0.825   0.795   0.22   0.25   -0.04    14.5     7.2        17    73.8
335                               0.90     0.4      1.88     0.451      14   0.614   0.584   0.20   0.24   -0.09    14.4     3.0      12.9    14.4
94+131+211+335                    0.07     0.3      20.4     0.485      15   0.635    0.72   0.26   0.27   -0.09    16.9    16.3      58.9    32.0
94+131+335                        0.04     0.3      41.6     0.554       8   0.495   0.436   0.29   0.30   -0.17    33.2    52.5      44.7    39.8
94+335                            0.13     0.1      4.02     0.528      12   0.563   0.619   0.21   0.23   -0.13    10.7     4.3        17    22.2
94+131+193+335                    0.00     0.1       110     0.654       3   0.546   0.409   0.25   0.29   -0.08    37.9    24.5      5.37    51.4
131+171+193+211+335               0.17     0.1      2.79     0.239      55   0.958   0.822   0.24   0.26   +0.04    22.1    10.6      3.89    20.4
94+131+171+193+335                0.11     0.1      3.43     0.473      15   0.759   0.854   0.22   0.28   -0.10    45.4    13.1      4.47    71.1
131+193+211+335                   0.10     0.1      3.09     0.221      71   0.993   0.869   0.22   0.27   +0.04    16.9     4.9      8.13    14.4
94                                0.80     0.1      0.38     0.282      30   0.801   0.829   0.18   0.25   -0.11    33.5     2.3     0.933    33.2
94+211+335                        0.10     0.1         3     0.234      33   0.836   0.841   0.20   0.21   -0.03     2.3     0.0      7.08    25.6

## By DEM shape (reference x model x Bright)
group                             pix%    SSE%       MSE    relSSE   orth%     EMr     pkR     wP     wR   shift   refM%   modM%       p50   top1%
--------------------------------------------------------------------------------------------------------------------------------------------------
ref uni / model uni / Quiet      76.31     0.8    0.0509     0.221      32   0.911   0.824   0.16   0.16   -0.01     0.0     0.0    0.0224    45.6
ref uni / model uni / Bright      7.51    13.7      8.35      0.37      15   0.919   0.847   0.20   0.21   -0.01     0.0     0.0      2.04    84.6
ref uni / model multi / Quiet     2.51     0.0    0.0437     0.643      12   0.622   0.445   0.28   0.20   -0.03     0.0   100.0  1.62e-08    60.7
ref uni / model multi / Bright    0.20    78.5  1.81e+03     0.886       1   0.464   0.373   0.31   0.29   -0.13     0.0   100.0      97.7    93.4
ref multi / model uni / Quiet     8.88     0.3     0.169     0.496      28   0.646   0.692   0.19   0.32   -0.16   100.0     0.0     0.562    18.6
ref multi / model uni / Bright    1.61     0.8      2.31     0.249      49   0.798   0.803   0.22   0.31   -0.13   100.0     0.0      8.13    42.7
ref multi / model multi / Quie    2.18     0.0    0.0562     0.287      40   0.861   0.785   0.28   0.32   -0.02   100.0   100.0     0.178    26.1
ref multi / model multi / Brig    0.80     5.8        33     0.535      14    0.82   0.796   0.30   0.33   -0.05   100.0   100.0      4.47    88.8

## Regression-to-mean check, by reference peak height
group                             pix%    SSE%       MSE    relSSE   orth%     EMr     pkR     wP     wR   shift   refM%   modM%    gPkR    gEMr
------------------------------------------------------------------------------------------------------------------------------------------------
<=0                               7.00     0.0  0.000885         -     100       -       -      -      -       -     0.0    18.9       -       -
<0.001                            0.32     0.0  8.33e-05  1.84e+03      98    6.07    6.93   0.19   0.14   +0.16     0.0    11.5    1.33    1.27
0.001 to 0.0032                   0.64     0.0  0.000111       169      98    2.14    2.43   0.17   0.14   +0.14     0.1    10.1    0.78   0.716
0.0032 to 0.01                    1.87     0.0  8.68e-05      13.1      96     1.3     1.5   0.17   0.15   +0.11     1.0     8.8   0.759   0.688
0.01 to 0.032                     3.95     0.0  0.000171      2.79      85    1.06    1.16   0.17   0.16   +0.06     4.2     6.7   0.762    0.72
0.032 to 0.1                      6.42     0.0  0.000308     0.537      69   0.958   0.973   0.16   0.17   +0.01     8.0     4.6   0.646   0.662
0.1 to 0.32                      10.14     0.0   0.00151     0.255      40    0.87   0.875   0.16   0.17   -0.04    10.9     4.0   0.546   0.564
0.32 to 1                        29.95     0.1   0.00947     0.135      45   0.907   0.896   0.17   0.19   -0.03    14.7     4.1   0.749   0.769
1 to 3.2                         28.08     0.6    0.0921     0.196      35   0.857   0.825   0.18   0.20   -0.05    18.7     4.2   0.735   0.781
3.2 to 10                         9.53     1.5     0.713     0.182      39   0.877   0.792   0.19   0.22   -0.03    17.3     4.7   0.685   0.785
10 to 32                          1.90     2.7      6.44     0.177      47   0.897   0.812   0.23   0.25   -0.02    16.5    11.3   0.752   0.879
32 to 1e+02                       0.20     4.2      95.4     0.315      32   0.774   0.761   0.27   0.28   -0.08    20.5    29.7   0.716   0.773
1e+02 to 3.2e+02                  0.01     5.5  2.19e+03     0.609       9   0.455    0.32   0.36   0.24   -0.20    17.7    67.5   0.279   0.426
3.2e+02 to 1e+03                  0.00    10.5  2.05e+04     0.733       3   0.329   0.162   0.39   0.18   -0.18    10.3    69.5    0.15   0.319
1e+03 to 3.2e+03                  0.00    15.0  1.97e+05     0.833       1    0.24   0.103   0.40   0.16   -0.21    10.2    66.2   0.101    0.25
>=3.2e+03                         0.00    60.1  7.22e+06     0.952       0  0.0948  0.0411   0.43   0.16   -0.26     4.1    81.8  0.0489   0.124

## Worst per-pixel SSE tail (bin-edge approximate)
group                             pix%    SSE%       MSE    relSSE   orth%     EMr     pkR     wP     wR   shift   refM%   modM%  bright%
-----------------------------------------------------------------------------------------------------------------------------------------
worst_0.1pct_approx               0.12    95.2  3.64e+03     0.844       2   0.504   0.427   0.31   0.28   -0.21    22.3    56.8    100.0
worst_1pct_approx                 1.46    98.2       309     0.786       4    0.71   0.614   0.23   0.27   -0.09    24.7    17.1     88.1
remainder                        98.54     1.8    0.0859    0.0949      47   0.895   0.846   0.17   0.19   -0.02    13.3     5.5      9.0
  worst_0.1pct_approx: pixel SSE >= 1e+03; dominant channel of Bright part: 94:60%, 131:6%, 171:0%, 193:0%, 211:10%, 335:25%
  worst_1pct_approx: pixel SSE >= 56.2; dominant channel of Bright part: 94:19%, 131:9%, 171:5%, 193:1%, 211:23%, 335:43%

## Solver scatter (repeated AIA inputs)
groups by number of targets: {'1': 17445, '2': 10338, '3': 3028, '4': 415, '5': 19}; evicted: 29946

## Solver scatter, population
group                             pix%   modelMSE  scatterMSE    biasMSE  scatter%  biasOrth%     check
-------------------------------------------------------------------------------------------------------
full                            100.00       6.57       0.035       6.53       0.5          3   8.6e-16
bright                           10.38       62.8       0.225       62.6       0.4          3   8.7e-16
quiet                            89.62     0.0579       0.013     0.0449      22.5         34   5.1e-16

## Solver scatter, by intensity over threshold
group                             pix%   modelMSE  scatterMSE    biasMSE  scatter%  biasOrth%     check
-------------------------------------------------------------------------------------------------------
<0.03x                            3.98   0.000352     0.00014   0.000212      39.9         12   2.3e-16
0.03-0.1x                        10.85    0.00159     0.00055    0.00104      34.5         24   0.0e+00
0.1-0.3x                         33.13     0.0104     0.00367    0.00673      35.3         36   4.8e-16
0.3-1x                           41.66      0.116      0.0249     0.0909      21.5         34   3.7e-16
1-1.8x                            6.59      0.566      0.0829      0.483      14.6         48   3.6e-16
1.8-3.2x                          2.45        1.7        0.18       1.52      10.6         58   5.3e-16
3.2-10x                           1.24       11.6       0.497       11.1       4.3         46   0.0e+00
10-32x                            0.08        233        2.75        230       1.2         21   0.0e+00
>=32x                             0.01   5.76e+04        47.1   5.76e+04       0.1          1   1.9e-16

Signed DEM error by logT bin (pred - ref, mean per pixel):
  bright -0.20 -0.08 -0.09 -0.05 -0.03 +0.06 +0.23 +0.18 -0.61 +0.13 -0.37 -0.70 -0.78 -0.78 -0.61 -0.32 -0.18 -0.10
  quiet  -0.04 -0.02 -0.03 -0.01 +0.01 +0.01 +0.02 +0.00 -0.04 +0.01 -0.06 -0.09 -0.07 -0.04 -0.02 -0.02 -0.02 -0.02
  logT    5.50  5.60  5.70  5.80  5.90  6.00  6.10  6.20  6.30  6.40  6.50  6.60  6.70  6.80  6.90  7.00  7.10  7.20
