# Bright-failure diagnostic: BP track, label-free model
model /home/hsr3649/projects/dem/output/experiments/resample/scaled_mlp6_barrier_h160_resample.pt
blocks 48,960   valid pixel-targets 705,016,779

Columns: pix% share of pixels | SSE% share of total DEM squared error | MSE per bin |
relSSE error energy / reference energy | orth% of SSE orthogonal to the reference curve
(temperature placement) vs along it (scale) | EMr, pkR aggregate predicted/reference emission
and peak height | wP, wR EM-weighted logT width (dex) | shift mean logT pred-ref (dex) |
refM%, modM% multi-peaked | p50 median per-pixel SSE | top1% SSE share of the worst 1%

## Population
group                             pix%    SSE%       MSE    relSSE   orth%     EMr     pkR     wP     wR   shift   refM%   modM%       p50   top1%
--------------------------------------------------------------------------------------------------------------------------------------------------
full                            100.00   100.0      5.15     0.779       4   0.858   0.802   0.17   0.19   -0.03    13.5     4.0    0.0427    98.1
bright                           10.12    98.9      50.3     0.797       4   0.853   0.804   0.21   0.24   -0.03    23.8    10.1      2.95    96.5
quiet                            89.88     1.1    0.0606     0.257      29   0.864     0.8   0.17   0.18   -0.03    12.3     3.3    0.0295    40.0

## By intensity (max over channels of observed/threshold)
group                             pix%    SSE%       MSE    relSSE   orth%     EMr     pkR     wP     wR   shift   refM%   modM%       p50   top1%
--------------------------------------------------------------------------------------------------------------------------------------------------
<0.03x                            3.85     0.0  0.000404     0.686       7   0.865   0.684   0.15   0.14   +0.02     0.9     5.1  2.14e-05    83.8
0.03-0.1x                        10.51     0.0   0.00192      0.41      15   0.908   0.774   0.15   0.15   +0.00     3.2     1.5  0.000513    69.9
0.1-0.3x                         33.02     0.1    0.0107      0.22      25   0.898   0.815   0.16   0.17   -0.03     8.6     2.0    0.0102    46.3
0.3-1x                           42.50     1.0     0.119     0.259      30   0.857   0.797   0.18   0.20   -0.04    18.5     4.5     0.148    28.5
1-1.8x                            6.53     0.8     0.602     0.184      44   0.896   0.833   0.20   0.23   -0.03    22.5     6.8      1.48    19.3
1.8-3.2x                          2.35     0.8      1.82     0.146      56   0.923   0.861   0.22   0.25   -0.03    24.0    10.8      5.62    16.8
3.2-10x                           1.15     2.7      11.9      0.18      47    0.87   0.848   0.25   0.27   -0.05    29.8    22.6      38.9    15.8
10-32x                            0.08     4.5       298     0.549      19   0.576   0.612   0.30   0.31   -0.26    43.0    69.4  2.57e+03     8.5
>=32x                             0.01    90.2  4.73e+04     0.987       1   0.192   0.129   0.32   0.23   -0.54    18.3    85.2  8.91e+04    69.6

## Bright, by channel with the largest observed/threshold
group                             pix%    SSE%       MSE    relSSE   orth%     EMr     pkR     wP     wR   shift   refM%   modM%       p50   top1%
--------------------------------------------------------------------------------------------------------------------------------------------------
94                                1.96    86.1       227     0.939       2   0.655   0.658   0.20   0.25   -0.10    28.1     7.8      2.34    97.0
131                               1.80     9.5      27.1      0.78       4   0.908   0.837   0.26   0.29   -0.02    56.9    34.7      1.48    97.4
171                               1.73     0.2     0.525     0.103      63   0.947   0.892   0.20   0.21   -0.02    24.0     6.6     0.851    30.8
193                               0.76     0.1      0.39     0.062      75    1.02   0.945   0.17   0.19   +0.02     5.9     0.3      1.62    28.9
211                               1.57     1.0      3.28     0.148      92    1.06   0.879   0.19   0.21   +0.02     5.2     0.2      7.08    31.7
335                               2.30     2.1      4.62     0.189      31   0.775   0.776   0.21   0.24   -0.06    12.8     5.4      14.1    31.9
quiet                            89.88     1.1    0.0606     0.257      29   0.864     0.8   0.17   0.18   -0.03    12.3     3.3    0.0295    40.0

## Bright, inclusive by trigger channel (overlapping)
group                             pix%    SSE%       MSE    relSSE   orth%     EMr     pkR     wP     wR   shift   refM%   modM%       p50   top1%
--------------------------------------------------------------------------------------------------------------------------------------------------
94                                5.27    98.0      95.8     0.815       3   0.839   0.808   0.21   0.24   -0.05    24.6    10.4      4.27    96.5
131                               5.10    98.0      98.9     0.819       3   0.846   0.799   0.24   0.26   -0.03    32.7    18.4      4.07    96.4
171                               4.94    94.7      98.7     0.823       3   0.859   0.816   0.22   0.24   -0.03    26.2    11.6      2.95    97.2
193                               4.93    97.1       101      0.81       3   0.874   0.826   0.21   0.23   -0.01    18.4     9.3      4.47    96.7
211                               4.92    97.4       102     0.805       4   0.878   0.822   0.21   0.23   -0.01    16.0     9.0      6.17    96.4
335                               5.22    98.5        97     0.809       3   0.819   0.786   0.22   0.25   -0.04    19.8    10.5      8.91    96.0

## By number of trigger channels
group                             pix%    SSE%       MSE    relSSE   orth%     EMr     pkR     wP     wR   shift   refM%   modM%       p50   top1%
--------------------------------------------------------------------------------------------------------------------------------------------------
0                                89.88     1.1    0.0606     0.257      29   0.864     0.8   0.17   0.18   -0.03    12.3     3.3    0.0295    40.0
1                                 3.42     0.5     0.757     0.321      27   0.811   0.744   0.20   0.24   -0.05    26.6     9.5      1.41    23.3
2                                 1.69     0.3      1.03     0.251      35   0.897   0.826   0.20   0.23   -0.02    21.9     7.6      1.55    36.5
3                                 1.20     0.7      3.09     0.391      18   0.887   0.827   0.20   0.23   -0.03    23.1     7.6      2.45    69.4
4                                 0.96     0.7      3.87     0.338      24   0.889   0.844   0.21   0.24   -0.02    21.1     7.5      3.39    61.3
5                                 0.90     2.5      14.2     0.541      12   0.877   0.818   0.22   0.24   -0.02    21.5     8.5      5.37    81.8
6                                 1.93    94.2       251     0.835       3   0.838   0.803   0.24   0.26   -0.03    23.5    17.0      11.7    96.2

## Top exact trigger patterns by SSE share
group                             pix%    SSE%       MSE    relSSE   orth%     EMr     pkR     wP     wR   shift   refM%   modM%       p50   top1%
--------------------------------------------------------------------------------------------------------------------------------------------------
94+131+171+193+211+335            1.93    94.2       251     0.835       3   0.838   0.803   0.24   0.26   -0.03    23.5    17.0      11.7    96.2
94+131+193+211+335                0.26     2.2      43.9     0.651       8   0.794   0.783   0.22   0.25   -0.04    14.5     7.8        17    78.7
94+131+335                        0.04     0.5        70     0.932       2   0.353   0.312   0.29   0.30   -0.22    33.2    53.1      46.8    40.7
94+131+211+335                    0.07     0.4      24.9     0.591      12     0.6   0.695   0.25   0.27   -0.10    16.9    16.5      56.2    39.5
335                               0.90     0.3      1.87     0.451      14   0.611    0.57   0.19   0.24   -0.09    14.4     3.2      12.9    14.4
94+131+193+335                    0.00     0.1       165     0.983       0   0.401   0.297   0.25   0.29   -0.12    37.9    26.5      5.13    49.1
94+335                            0.13     0.1      4.03     0.529      11   0.559   0.606   0.21   0.23   -0.13    10.7     4.0        17    22.2
131+171+193+211+335               0.17     0.1      2.82     0.242      56   0.961    0.83   0.23   0.26   +0.04    22.1    10.7      3.89    20.3
94+131+171+193+335                0.11     0.1      3.97     0.548      12   0.754    0.85   0.21   0.28   -0.10    45.4    12.7      4.47    75.2
131+193+211+335                   0.10     0.1      3.09     0.222      72   0.995    0.87   0.22   0.27   +0.03    16.9     5.8      8.13    14.6
94                                0.80     0.1     0.376     0.279      29   0.803   0.828   0.18   0.25   -0.11    33.5     2.3     0.933    33.7
94+211+335                        0.10     0.1      2.97     0.231      32   0.835   0.835   0.19   0.21   -0.03     2.3     0.0      7.08    25.8

## By DEM shape (reference x model x Bright)
group                             pix%    SSE%       MSE    relSSE   orth%     EMr     pkR     wP     wR   shift   refM%   modM%       p50   top1%
--------------------------------------------------------------------------------------------------------------------------------------------------
ref uni / model uni / Quiet      78.04     0.7    0.0478     0.212      30   0.908    0.82   0.16   0.16   -0.01     0.0     0.0    0.0195    47.0
ref uni / model uni / Bright      7.50    18.6      12.8     0.516      10   0.919   0.851   0.20   0.21   -0.01     0.0     0.0      2.04    90.0
ref uni / model multi / Quiet     0.78     0.0     0.147     0.623      14   0.699   0.509   0.27   0.23   -0.05     0.0   100.0    0.0214    34.5
ref uni / model multi / Bright    0.21    73.4  1.84e+03     0.971       1   0.397   0.338   0.30   0.29   -0.16     0.0   100.0      89.1    90.4
ref multi / model uni / Quiet     8.90     0.3     0.166     0.491      27   0.645   0.691   0.19   0.33   -0.17   100.0     0.0     0.537    18.8
ref multi / model uni / Bright    1.59     1.2      3.87     0.374      33    0.79   0.799   0.21   0.31   -0.13   100.0     0.0      7.76    65.8
ref multi / model multi / Quie    2.16     0.0    0.0588     0.283      40   0.865   0.789   0.28   0.31   -0.01   100.0   100.0     0.178    25.6
ref multi / model multi / Brig    0.82     5.7      35.9     0.615      14   0.816   0.813   0.30   0.33   -0.05   100.0   100.0      4.27    89.4

## Regression-to-mean check, by reference peak height
group                             pix%    SSE%       MSE    relSSE   orth%     EMr     pkR     wP     wR   shift   refM%   modM%    gPkR    gEMr
------------------------------------------------------------------------------------------------------------------------------------------------
<=0                               7.00     0.0  0.000451         -     100       -       -      -      -       -     0.0     2.4       -       -
<0.001                            0.32     0.0  4.61e-06       102      69    5.18    5.24   0.18   0.14   +0.10     0.0     1.3     1.1    1.26
0.001 to 0.0032                   0.64     0.0  8.49e-06      12.9      80    1.84    1.85   0.17   0.14   +0.08     0.1     1.5     0.6    0.65
0.0032 to 0.01                    1.87     0.0  9.27e-06       1.4      66    1.17     1.2   0.16   0.15   +0.06     1.0     2.4   0.609   0.627
0.01 to 0.032                     3.95     0.0  0.000103      1.68      89   0.993    1.01   0.16   0.16   +0.03     4.2     2.4   0.668   0.684
0.032 to 0.1                      6.42     0.0  0.000167     0.291      51   0.934   0.912   0.16   0.17   -0.00     8.0     2.1   0.613   0.656
0.1 to 0.32                      10.14     0.0   0.00135     0.228      35   0.868   0.852   0.16   0.17   -0.05    10.9     2.8   0.536    0.57
0.32 to 1                        29.95     0.1   0.00907     0.129      44   0.907   0.892   0.17   0.19   -0.03    14.7     4.1   0.746   0.771
1 to 3.2                         28.08     0.5    0.0895      0.19      35   0.856   0.824   0.17   0.20   -0.05    18.7     4.3   0.735   0.781
3.2 to 10                         9.53     1.3     0.699     0.178      38   0.876   0.789   0.19   0.22   -0.03    17.3     4.9   0.682   0.784
10 to 32                          1.90     2.4      6.55      0.18      47   0.898    0.82   0.22   0.25   -0.02    16.5    11.6   0.757   0.878
32 to 1e+02                       0.20     4.4       112      0.37      30   0.752   0.758   0.26   0.28   -0.10    20.5    30.9   0.706   0.741
1e+02 to 3.2e+02                  0.01     7.1   3.2e+03     0.889       7   0.288   0.241   0.31   0.24   -0.49    17.7    75.6   0.166   0.209
3.2e+02 to 1e+03                  0.00    12.4  2.73e+04     0.974       2   0.154  0.0934   0.31   0.18   -0.58    10.3    81.2  0.0713   0.122
1e+03 to 3.2e+03                  0.00    15.8  2.34e+05     0.989       1    0.11  0.0546   0.31   0.16   -0.62    10.2    83.5  0.0419  0.0899
>=3.2e+03                         0.00    56.1  7.57e+06     0.998       0  0.0425  0.0211   0.29   0.16   -0.65     4.1    78.4  0.0223  0.0496

## Worst per-pixel SSE tail (bin-edge approximate)
group                             pix%    SSE%       MSE    relSSE   orth%     EMr     pkR     wP     wR   shift   refM%   modM%  bright%
-----------------------------------------------------------------------------------------------------------------------------------------
worst_0.1pct_approx               0.12    95.8  3.99e+03     0.954       2   0.424   0.397   0.29   0.28   -0.28    22.9    56.5    100.0
worst_1pct_approx                 1.44    98.4       352     0.887       3   0.682   0.605   0.23   0.27   -0.09    24.8    17.5     88.2
remainder                        98.56     1.6    0.0841    0.0922      46   0.895   0.845   0.17   0.19   -0.03    13.3     3.8      9.0
  worst_0.1pct_approx: pixel SSE >= 1e+03; dominant channel of Bright part: 94:60%, 131:6%, 171:0%, 193:0%, 211:10%, 335:24%
  worst_1pct_approx: pixel SSE >= 56.2; dominant channel of Bright part: 94:19%, 131:9%, 171:5%, 193:1%, 211:23%, 335:43%

## Solver scatter (repeated AIA inputs)
groups by number of targets: {'1': 17445, '2': 10338, '3': 3028, '4': 415, '5': 19}; evicted: 29946

## Solver scatter, population
group                             pix%   modelMSE  scatterMSE    biasMSE  scatter%  biasOrth%     check
-------------------------------------------------------------------------------------------------------
full                            100.00       7.22       0.035       7.18       0.5          3   6.3e-16
bright                           10.38       69.1       0.225       68.9       0.3          3   6.3e-16
quiet                            89.62     0.0562       0.013     0.0432      23.1         33   6.2e-16

## Solver scatter, by intensity over threshold
group                             pix%   modelMSE  scatterMSE    biasMSE  scatter%  biasOrth%     check
-------------------------------------------------------------------------------------------------------
<0.03x                            3.98   0.000352     0.00014   0.000211      39.9         10   0.0e+00
0.03-0.1x                        10.85    0.00159     0.00055    0.00104      34.6         22   3.0e-16
0.1-0.3x                         33.13       0.01     0.00367    0.00636      36.6         33   4.2e-16
0.3-1x                           41.66      0.112      0.0249     0.0876      22.1         33   3.8e-16
1-1.8x                            6.59      0.555      0.0829      0.472      14.9         47   2.4e-16
1.8-3.2x                          2.45       1.72        0.18       1.54      10.5         58   3.2e-16
3.2-10x                           1.24       11.9       0.497       11.4       4.2         47   1.2e-16
10-32x                            0.08        298        2.75        296       0.9         18   1.4e-16
>=32x                             0.01   6.33e+04        47.1   6.32e+04       0.1          1   1.7e-16

Signed DEM error by logT bin (pred - ref, mean per pixel):
  bright -0.22 -0.10 -0.10 -0.05 -0.03 +0.06 +0.21 +0.17 -0.58 +0.17 -0.33 -0.69 -0.80 -0.85 -0.70 -0.41 -0.22 -0.11
  quiet  -0.04 -0.02 -0.03 -0.01 +0.00 +0.01 +0.02 +0.00 -0.04 +0.00 -0.06 -0.09 -0.07 -0.04 -0.03 -0.02 -0.02 -0.02
  logT    5.50  5.60  5.70  5.80  5.90  6.00  6.10  6.20  6.30  6.40  6.50  6.60  6.70  6.80  6.90  7.00  7.10  7.20
