# Bright-failure diagnostic: BP track, label-free model
model /home/hsr3649/projects/dem/output/experiments/resample/scaled_mlp6_barrier_h336_resample.pt
blocks 48,960   valid pixel-targets 705,016,779

Columns: pix% share of pixels | SSE% share of total DEM squared error | MSE per bin |
relSSE error energy / reference energy | orth% of SSE orthogonal to the reference curve
(temperature placement) vs along it (scale) | EMr, pkR aggregate predicted/reference emission
and peak height | wP, wR EM-weighted logT width (dex) | shift mean logT pred-ref (dex) |
refM%, modM% multi-peaked | p50 median per-pixel SSE | top1% SSE share of the worst 1%

## Population
group                             pix%    SSE%       MSE    relSSE   orth%     EMr     pkR     wP     wR   shift   refM%   modM%       p50   top1%
--------------------------------------------------------------------------------------------------------------------------------------------------
full                            100.00   100.0      4.28     0.647       5   0.848   0.809   0.17   0.19   -0.04    13.5     9.9    0.0257    97.9
bright                           10.12    98.8      41.7     0.661       5   0.853   0.812   0.21   0.24   -0.04    23.8    11.2      2.69    96.7
quiet                            89.88     1.2    0.0578     0.245      25   0.842   0.806   0.16   0.18   -0.04    12.3     9.7    0.0162    41.3

## By intensity (max over channels of observed/threshold)
group                             pix%    SSE%       MSE    relSSE   orth%     EMr     pkR     wP     wR   shift   refM%   modM%       p50   top1%
--------------------------------------------------------------------------------------------------------------------------------------------------
<0.03x                            3.85     0.0  0.000391     0.663       5   0.843    0.69   0.15   0.14   +0.00     0.9    30.1  1.35e-05    86.0
0.03-0.1x                        10.51     0.0   0.00184     0.394      12   0.879   0.765   0.15   0.15   -0.02     3.2    16.2  0.000282    72.5
0.1-0.3x                         33.02     0.1    0.0101     0.208      20   0.874   0.818   0.16   0.17   -0.05     8.6     9.9   0.00537    48.8
0.3-1x                           42.50     1.1     0.114     0.247      26   0.836   0.804   0.17   0.20   -0.05    18.5     6.1     0.107    29.6
1-1.8x                            6.53     0.8     0.525     0.161      37   0.873   0.838   0.19   0.23   -0.04    22.5     7.8      1.23    21.1
1.8-3.2x                          2.35     0.8      1.41     0.113      49   0.906   0.861   0.22   0.25   -0.03    24.0    12.2      5.13    18.4
3.2-10x                           1.15     2.5      9.16     0.138      46   0.876   0.847   0.25   0.27   -0.04    29.8    24.0      35.5    16.2
10-32x                            0.08     4.3       237     0.437      22   0.638   0.647   0.32   0.31   -0.18    43.0    69.9  2.14e+03     8.7
>=32x                             0.01    90.5  3.94e+04     0.822       2   0.402   0.234   0.41   0.23   -0.18    18.3    83.4  6.46e+04    73.0

## Bright, by channel with the largest observed/threshold
group                             pix%    SSE%       MSE    relSSE   orth%     EMr     pkR     wP     wR   shift   refM%   modM%       p50   top1%
--------------------------------------------------------------------------------------------------------------------------------------------------
94                                1.96    86.6       189     0.784       4   0.691   0.686   0.20   0.25   -0.10    28.1     8.8      2.04    97.0
131                               1.80     9.2      21.8     0.628       4   0.904   0.851   0.26   0.29   -0.03    56.9    38.5      1.29    97.1
171                               1.73     0.2     0.513     0.101      63   0.935   0.901   0.19   0.21   -0.02    24.0     7.0     0.646    31.0
193                               0.76     0.1     0.335    0.0533      71   0.975   0.935   0.17   0.19   +0.01     5.9     0.4     0.589    32.5
211                               1.57     0.7       1.9    0.0858      89    1.02   0.882   0.19   0.21   +0.01     5.2     0.3      4.47    36.2
335                               2.30     2.0      3.78     0.155      31   0.787   0.775   0.21   0.24   -0.06    12.8     6.2      14.1    29.7
quiet                            89.88     1.2    0.0578     0.245      25   0.842   0.806   0.16   0.18   -0.04    12.3     9.7    0.0162    41.3

## Bright, inclusive by trigger channel (overlapping)
group                             pix%    SSE%       MSE    relSSE   orth%     EMr     pkR     wP     wR   shift   refM%   modM%       p50   top1%
--------------------------------------------------------------------------------------------------------------------------------------------------
94                                5.27    97.8      79.4     0.675       5   0.846   0.816   0.21   0.24   -0.05    24.6    11.5      3.89    96.7
131                               5.10    97.8        82     0.679       5   0.854   0.808   0.24   0.26   -0.03    32.7    20.3      3.72    96.6
171                               4.94    95.0      82.2     0.686       5   0.863   0.825   0.21   0.24   -0.03    26.2    12.6      2.69    97.3
193                               4.93    97.1      84.2     0.672       5   0.875   0.833   0.21   0.23   -0.02    18.4    10.1      3.89    96.9
211                               4.92    97.2      84.5     0.667       5   0.879   0.829   0.21   0.23   -0.01    16.0     9.9      5.13    96.7
335                               5.22    98.4      80.5     0.671       5   0.828   0.792   0.22   0.25   -0.04    19.8    11.6      8.51    96.1

## By number of trigger channels
group                             pix%    SSE%       MSE    relSSE   orth%     EMr     pkR     wP     wR   shift   refM%   modM%       p50   top1%
--------------------------------------------------------------------------------------------------------------------------------------------------
0                                89.88     1.2    0.0578     0.245      25   0.842   0.806   0.16   0.18   -0.04    12.3     9.7    0.0162    41.3
1                                 3.42     0.5     0.682     0.289      22   0.794   0.757   0.19   0.24   -0.06    26.6    10.6      1.29    24.1
2                                 1.69     0.3     0.831     0.204      30   0.878   0.832   0.20   0.23   -0.03    21.9     8.7      1.29    37.1
3                                 1.20     0.6      2.25     0.285      20   0.877   0.834   0.20   0.23   -0.03    23.1     8.8      2.14    67.4
4                                 0.96     0.6      2.82     0.246      23   0.883   0.846   0.20   0.24   -0.03    21.1     8.7      3.09    62.2
5                                 0.90     2.2      10.6     0.403      13   0.877   0.821   0.22   0.24   -0.02    21.5     9.9      5.13    82.8
6                                 1.93    94.4       209     0.696       4    0.85   0.813   0.24   0.26   -0.03    23.5    18.1      11.2    96.4

## Top exact trigger patterns by SSE share
group                             pix%    SSE%       MSE    relSSE   orth%     EMr     pkR     wP     wR   shift   refM%   modM%       p50   top1%
--------------------------------------------------------------------------------------------------------------------------------------------------
94+131+171+193+211+335            1.93    94.4       209     0.696       4    0.85   0.813   0.24   0.26   -0.03    23.5    18.1      11.2    96.4
94+131+193+211+335                0.26     2.0      32.2     0.476       9   0.824   0.781   0.23   0.25   -0.03    14.5     9.3      12.3    82.2
94+131+335                        0.04     0.4      49.2     0.655       6   0.488   0.405   0.31   0.30   -0.16    33.2    60.8      38.9    41.9
335                               0.90     0.4      1.81     0.436      14   0.617   0.579   0.19   0.24   -0.09    14.4     4.1      12.9    14.2
94+131+211+335                    0.07     0.3      16.6     0.394      12   0.696   0.696   0.26   0.27   -0.07    16.9    20.4      33.9    45.3
94+131+193+335                    0.00     0.1       129     0.769       4   0.509   0.378   0.26   0.29   -0.09    37.9    29.5      6.46    49.8
94+335                            0.13     0.1      3.57     0.469      12    0.58   0.622   0.21   0.23   -0.13    10.7     5.1      16.2    22.9
131+171+193+211+335               0.17     0.1      2.57      0.22      52    0.94   0.826   0.23   0.26   +0.03    22.1    12.4      4.07    21.1
94+131+171+193+335                0.11     0.1      3.28     0.452      17   0.749    0.86   0.21   0.28   -0.10    45.4    14.4       4.9    69.0
94                                0.80     0.1     0.359     0.266      26   0.778   0.836   0.18   0.25   -0.12    33.5     2.9     0.813    34.7
131+193+211+335                   0.10     0.1      2.23      0.16      63   0.965   0.852   0.23   0.27   +0.03    16.9     6.8      6.76    16.7
211+335                           0.24     0.0     0.868     0.105      57   0.954   0.847   0.19   0.21   +0.01     3.0     0.0      3.89    17.9

## By DEM shape (reference x model x Bright)
group                             pix%    SSE%       MSE    relSSE   orth%     EMr     pkR     wP     wR   shift   refM%   modM%       p50   top1%
--------------------------------------------------------------------------------------------------------------------------------------------------
ref uni / model uni / Quiet      72.71     0.8    0.0478     0.198      25   0.885    0.83   0.15   0.16   -0.02     0.0     0.0    0.0129    47.4
ref uni / model uni / Bright      7.48    50.3      28.8     0.605       4   0.907   0.853   0.19   0.21   -0.01     0.0     0.0       1.7    96.7
ref uni / model multi / Quiet     6.11     0.0    0.0254     0.648      12   0.588   0.415   0.39   0.21   -0.18     0.0   100.0  1.02e-12    73.7
ref uni / model multi / Bright    0.23    42.0       769     0.819       3   0.498   0.403   0.31   0.29   -0.11     0.0   100.0      70.8    85.4
ref multi / model uni / Quiet     8.44     0.3     0.169     0.492      26   0.632   0.686   0.18   0.32   -0.18   100.0     0.0     0.562    18.8
ref multi / model uni / Bright    1.51     0.9       2.6     0.265      44    0.78   0.801   0.21   0.32   -0.14   100.0     0.0      7.76    52.2
ref multi / model multi / Quie    2.63     0.0     0.055     0.262      37   0.853   0.775   0.29   0.32   -0.06   100.0   100.0     0.148    27.0
ref multi / model multi / Brig    0.90     5.5      26.2     0.478      17   0.832   0.819   0.29   0.33   -0.05   100.0   100.0      3.89    88.3

## Regression-to-mean check, by reference peak height
group                             pix%    SSE%       MSE    relSSE   orth%     EMr     pkR     wP     wR   shift   refM%   modM%    gPkR    gEMr
------------------------------------------------------------------------------------------------------------------------------------------------
<=0                               7.00     0.0  0.000592         -     100       -       -      -      -       -     0.0    69.1       -       -
<0.001                            0.32     0.0  8.36e-05  1.84e+03      98    5.37    5.37   0.19   0.14   +0.05     0.0     8.8    0.57   0.709
0.001 to 0.0032                   0.64     0.0  7.61e-05       116      98    1.87    1.86   0.17   0.14   +0.03     0.1     4.5    0.39   0.449
0.0032 to 0.01                    1.87     0.0  5.39e-05      8.14      94    1.16    1.17   0.16   0.15   +0.03     1.0     3.9   0.481   0.527
0.01 to 0.032                     3.95     0.0  0.000106      1.73      69   0.976   0.988   0.16   0.16   +0.01     4.2     3.8   0.597   0.631
0.032 to 0.1                      6.42     0.0   0.00021     0.367      60   0.901   0.896   0.16   0.17   -0.02     8.0     4.3    0.56   0.607
0.1 to 0.32                      10.14     0.0   0.00135     0.228      34   0.844   0.837   0.16   0.17   -0.06    10.9     5.3   0.493   0.531
0.32 to 1                        29.95     0.1   0.00879     0.125      41   0.887   0.898   0.17   0.19   -0.04    14.7     5.4   0.738   0.747
1 to 3.2                         28.08     0.6    0.0887     0.189      33   0.837   0.831   0.17   0.20   -0.05    18.7     5.2   0.739   0.762
3.2 to 10                         9.53     1.4     0.647     0.165      33   0.856   0.794   0.19   0.22   -0.04    17.3     5.8   0.688   0.765
10 to 32                          1.90     2.3      5.13     0.141      42    0.89   0.819   0.23   0.25   -0.02    16.5    12.8   0.761   0.868
32 to 1e+02                       0.20     4.1      87.8      0.29      31   0.785   0.766   0.27   0.28   -0.07    20.5    30.8   0.725   0.793
1e+02 to 3.2e+02                  0.01     6.3  2.36e+03     0.656      10   0.463   0.328   0.38   0.24   -0.18    17.7    75.6   0.269   0.413
3.2e+02 to 1e+03                  0.00    11.0  2.01e+04     0.718       6   0.398    0.21   0.40   0.18   -0.12    10.3    77.0    0.17    0.35
1e+03 to 3.2e+03                  0.00    14.0  1.72e+05      0.73       5    0.39   0.188   0.37   0.16   -0.07    10.2    49.4   0.174   0.385
>=3.2e+03                         0.00    60.2  6.75e+06     0.889       1    0.19  0.0949   0.35   0.16   -0.06     4.1    38.3    0.11   0.244

## Worst per-pixel SSE tail (bin-edge approximate)
group                             pix%    SSE%       MSE    relSSE   orth%     EMr     pkR     wP     wR   shift   refM%   modM%  bright%
-----------------------------------------------------------------------------------------------------------------------------------------
worst_0.1pct_approx               0.16    96.1  2.59e+03     0.787       4   0.555   0.476   0.31   0.29   -0.18    25.1    55.8    100.0
worst_1pct_approx                 1.26    98.1       333     0.741       5   0.688     0.6   0.23   0.28   -0.10    27.0    21.2     86.8
remainder                        98.74     1.9    0.0806    0.0845      43   0.878   0.849   0.17   0.19   -0.04    13.3     9.7      9.1
  worst_0.1pct_approx: pixel SSE >= 562; dominant channel of Bright part: 94:56%, 131:7%, 171:1%, 193:0%, 211:9%, 335:27%
  worst_1pct_approx: pixel SSE >= 56.2; dominant channel of Bright part: 94:21%, 131:10%, 171:6%, 193:1%, 211:15%, 335:47%

## Solver scatter (repeated AIA inputs)
groups by number of targets: {'1': 17445, '2': 10338, '3': 3028, '4': 415, '5': 19}; evicted: 29946

## Solver scatter, population
group                             pix%   modelMSE  scatterMSE    biasMSE  scatter%  biasOrth%     check
-------------------------------------------------------------------------------------------------------
full                            100.00       6.17       0.035       6.14       0.6          4   3.7e-16
bright                           10.38         59       0.225       58.8       0.4          4   1.9e-16
quiet                            89.62      0.054       0.013      0.041      24.1         28   9.2e-17

## Solver scatter, by intensity over threshold
group                             pix%   modelMSE  scatterMSE    biasMSE  scatter%  biasOrth%     check
-------------------------------------------------------------------------------------------------------
<0.03x                            3.98   0.000343     0.00014   0.000203      40.9          7   7.9e-16
0.03-0.1x                        10.85    0.00153     0.00055   0.000979      36.0         17   4.2e-16
0.1-0.3x                         33.13    0.00951     0.00367    0.00584      38.6         27   1.1e-15
0.3-1x                           41.66      0.108      0.0249     0.0832      23.0         28   2.0e-16
1-1.8x                            6.59      0.485      0.0829      0.403      17.1         39   4.2e-16
1.8-3.2x                          2.45       1.32        0.18       1.14      13.6         50   6.8e-16
3.2-10x                           1.24       9.11       0.497       8.61       5.5         46   4.7e-16
10-32x                            0.08        239        2.75        237       1.1         21   1.8e-16
>=32x                             0.01   5.43e+04        47.1   5.43e+04       0.1          2   4.0e-16

Signed DEM error by logT bin (pred - ref, mean per pixel):
  bright -0.24 -0.10 -0.06 -0.03 -0.04 +0.03 +0.23 +0.21 -0.52 -0.11 -0.52 -0.73 -0.77 -0.80 -0.62 -0.30 -0.14 -0.07
  quiet  -0.04 -0.02 -0.02 -0.01 -0.00 +0.01 +0.03 +0.02 -0.05 -0.04 -0.09 -0.11 -0.07 -0.04 -0.02 -0.02 -0.02 -0.02
  logT    5.50  5.60  5.70  5.80  5.90  6.00  6.10  6.20  6.30  6.40  6.50  6.60  6.70  6.80  6.90  7.00  7.10  7.20
