# Bright-failure diagnostic: BP track, label-free model
model /home/hsr3649/projects/dem/output/experiments/resample/scaled_mlp6_barrier_h72_resample.pt
blocks 48,960   valid pixel-targets 705,016,779

Columns: pix% share of pixels | SSE% share of total DEM squared error | MSE per bin |
relSSE error energy / reference energy | orth% of SSE orthogonal to the reference curve
(temperature placement) vs along it (scale) | EMr, pkR aggregate predicted/reference emission
and peak height | wP, wR EM-weighted logT width (dex) | shift mean logT pred-ref (dex) |
refM%, modM% multi-peaked | p50 median per-pixel SSE | top1% SSE share of the worst 1%

## Population
group                             pix%    SSE%       MSE    relSSE   orth%     EMr     pkR     wP     wR   shift   refM%   modM%       p50   top1%
--------------------------------------------------------------------------------------------------------------------------------------------------
full                            100.00   100.0      5.45     0.824       5    0.71    0.86   0.16   0.19   -0.06    13.5     5.0    0.0676    96.7
bright                           10.12    98.7      53.1     0.841       5   0.668   0.868   0.18   0.24   -0.07    23.8     5.6      10.7    93.3
quiet                            89.88     1.3    0.0766     0.324      32   0.754   0.852   0.15   0.18   -0.06    12.3     4.9    0.0407    32.6

## By intensity (max over channels of observed/threshold)
group                             pix%    SSE%       MSE    relSSE   orth%     EMr     pkR     wP     wR   shift   refM%   modM%       p50   top1%
--------------------------------------------------------------------------------------------------------------------------------------------------
<0.03x                            3.85     0.0  0.000406     0.689       7   0.776   0.764   0.14   0.14   +0.01     0.9    22.4  3.39e-05    83.1
0.03-0.1x                        10.51     0.0    0.0021     0.449      18   0.773   0.842   0.14   0.15   -0.03     3.2     5.4  0.000708    63.9
0.1-0.3x                         33.02     0.1    0.0135     0.279      31   0.777   0.871   0.14   0.17   -0.07     8.6     4.0    0.0123    37.0
0.3-1x                           42.50     1.2     0.151     0.328      33   0.749   0.848   0.16   0.20   -0.07    18.5     3.9     0.295    22.8
1-1.8x                            6.53     1.1       0.9     0.276      44   0.746   0.901   0.18   0.23   -0.07    22.5     4.2       4.9    12.8
1.8-3.2x                          2.35     1.4      3.34     0.268      50    0.73   0.934   0.19   0.25   -0.07    24.0     5.7      26.9     9.4
3.2-10x                           1.15     5.0      23.7     0.359      41   0.643   0.909   0.21   0.27   -0.10    29.8    12.1       195    10.4
10-32x                            0.08     5.3       376     0.694      17   0.375    0.65   0.21   0.31   -0.27    43.0    18.3  4.07e+03     7.0
>=32x                             0.01    85.9  4.76e+04     0.993       1   0.116   0.138   0.20   0.23   -0.54    18.3     8.2  8.91e+04    69.3

## Bright, by channel with the largest observed/threshold
group                             pix%    SSE%       MSE    relSSE   orth%     EMr     pkR     wP     wR   shift   refM%   modM%       p50   top1%
--------------------------------------------------------------------------------------------------------------------------------------------------
94                                1.96    83.2       231     0.959       2   0.512    0.71   0.18   0.25   -0.14    28.1     2.7      5.89    95.9
131                               1.80     9.4      28.5     0.819       5    0.73   0.907   0.21   0.29   +0.00    56.9    12.8      5.13    94.5
171                               1.73     0.3     0.858     0.169      61   0.894   0.901   0.20   0.21   -0.06    24.0     8.8      1.95    24.8
193                               0.76     0.1      0.48    0.0763      75     0.9    0.97   0.14   0.19   +0.00     5.9     0.0      2.24    24.6
211                               1.57     1.1      3.91     0.177      71    0.77    1.01   0.16   0.21   -0.05     5.2     0.6      24.5    18.0
335                               2.30     4.7      11.1     0.455      35   0.558   0.816   0.18   0.24   -0.13    12.8     5.1        49    25.1
quiet                            89.88     1.3    0.0766     0.324      32   0.754   0.852   0.15   0.18   -0.06    12.3     4.9    0.0407    32.6

## Bright, inclusive by trigger channel (overlapping)
group                             pix%    SSE%       MSE    relSSE   orth%     EMr     pkR     wP     wR   shift   refM%   modM%       p50   top1%
--------------------------------------------------------------------------------------------------------------------------------------------------
94                                5.27    97.5       101     0.858       4   0.646   0.872   0.19   0.24   -0.09    24.6     5.3        17    93.0
131                               5.10    97.3       104     0.861       4   0.651   0.861   0.20   0.26   -0.05    32.7     8.9      15.5    93.1
171                               4.94    93.9       104     0.863       4   0.682   0.877   0.20   0.24   -0.07    26.2     7.5      10.2    94.2
193                               4.93    96.5       107     0.851       4   0.675   0.898   0.18   0.23   -0.06    18.4     4.5      18.6    93.4
211                               4.92    97.0       107     0.848       5   0.661   0.898   0.18   0.23   -0.07    16.0     5.3      28.2    92.8
335                               5.22    98.3       102     0.854       5   0.616   0.853   0.19   0.25   -0.10    19.8     6.4      38.9    92.2

## By number of trigger channels
group                             pix%    SSE%       MSE    relSSE   orth%     EMr     pkR     wP     wR   shift   refM%   modM%       p50   top1%
--------------------------------------------------------------------------------------------------------------------------------------------------
0                                89.88     1.3    0.0766     0.324      32   0.754   0.852   0.15   0.18   -0.06    12.3     4.9    0.0407    32.6
1                                 3.42     0.6      1.01     0.428      27   0.676   0.796   0.18   0.24   -0.08    26.6     5.3      4.07    18.8
2                                 1.69     0.4      1.42     0.347      33   0.741   0.883   0.18   0.23   -0.06    21.9     4.4      5.13    29.3
3                                 1.20     0.8      3.73     0.471      20   0.723   0.887   0.18   0.23   -0.06    23.1     3.9      8.51    59.6
4                                 0.96     0.9      5.03      0.44      25   0.712   0.905   0.18   0.24   -0.06    21.1     3.5      14.1    50.1
5                                 0.90     2.7      16.3     0.618      13   0.688   0.871   0.19   0.24   -0.07    21.5     4.6      23.4    73.6
6                                 1.93    93.3       263     0.875       4   0.626   0.877   0.21   0.26   -0.09    23.5     9.5      77.6    92.8

## Top exact trigger patterns by SSE share
group                             pix%    SSE%       MSE    relSSE   orth%     EMr     pkR     wP     wR   shift   refM%   modM%       p50   top1%
--------------------------------------------------------------------------------------------------------------------------------------------------
94+131+171+193+211+335            1.93    93.3       263     0.875       4   0.626   0.877   0.21   0.26   -0.09    23.5     9.5      77.6    92.8
94+131+193+211+335                0.26     2.3      49.2     0.729       9   0.546   0.826   0.16   0.25   -0.10    14.5     0.0      81.3    70.9
94+131+335                        0.04     0.5      72.6     0.967       2   0.245   0.328   0.20   0.30   -0.24    33.2    10.5      81.3    39.3
335                               0.90     0.4      2.64     0.635      19   0.473   0.622   0.17   0.24   -0.15    14.4     4.1      28.2    11.3
94+131+211+335                    0.07     0.4      30.6     0.727      12   0.422   0.652   0.20   0.27   -0.15    16.9     3.2       112    32.6
94+193+211+335                    0.22     0.1      3.49     0.267      55   0.694    1.03   0.14   0.19   -0.08     2.5     0.0      33.9    12.7
94+131+193+335                    0.00     0.1       166     0.986       0   0.329   0.289   0.16   0.29   -0.09    37.9     0.0      12.3    49.0
94+335                            0.13     0.1      5.48     0.721      14   0.425    0.65   0.18   0.23   -0.20    10.7     3.8      37.2    17.4
211+335                           0.24     0.1      2.71     0.328      51   0.672   0.933   0.16   0.21   -0.08     3.0     0.8      33.9    10.4
131+171+193+211+335               0.17     0.1      3.58     0.306      47   0.769   0.911   0.21   0.26   -0.02    22.1    10.8      23.4    15.6
94+211+335                        0.10     0.1       5.9     0.459      33   0.585   0.867   0.18   0.21   -0.12     2.3     1.2      51.3    15.7
193+211+335                       0.21     0.1      2.27      0.24      59   0.721    1.02   0.14   0.20   -0.06     3.2     0.0      22.4     9.5

## By DEM shape (reference x model x Bright)
group                             pix%    SSE%       MSE    relSSE   orth%     EMr     pkR     wP     wR   shift   refM%   modM%       p50   top1%
--------------------------------------------------------------------------------------------------------------------------------------------------
ref uni / model uni / Quiet      76.25     0.9    0.0655     0.285      34   0.793   0.876   0.15   0.16   -0.04     0.0     0.0    0.0269    36.6
ref uni / model uni / Bright      7.54    88.0      63.6     0.862       4   0.684   0.875   0.18   0.21   -0.06     0.0     0.0      9.33    94.6
ref uni / model multi / Quiet     2.57     0.0    0.0506     0.559      20    0.62   0.622   0.26   0.20   -0.14     0.0   100.0  6.17e-05    46.5
ref uni / model multi / Bright    0.16     3.1       101     0.863       6    0.52   0.674   0.25   0.27   -0.14     0.0   100.0      53.7    83.8
ref multi / model uni / Quiet     9.22     0.3     0.177     0.527      28   0.575   0.728   0.16   0.33   -0.18   100.0     0.0     0.813    17.7
ref multi / model uni / Bright    2.01     4.8      13.1     0.599      22    0.62    0.87   0.19   0.32   -0.12   100.0     0.0      12.9    75.5
ref multi / model multi / Quie    1.84     0.0    0.0744     0.379      36   0.741   0.805   0.26   0.30   -0.11   100.0   100.0     0.282    22.2
ref multi / model multi / Brig    0.40     2.8      38.6     0.756       9   0.688   0.836   0.25   0.31   -0.10   100.0   100.0      14.8    89.1

## Regression-to-mean check, by reference peak height
group                             pix%    SSE%       MSE    relSSE   orth%     EMr     pkR     wP     wR   shift   refM%   modM%    gPkR    gEMr
------------------------------------------------------------------------------------------------------------------------------------------------
<=0                               7.00     0.0  9.23e-07         -     100       -       -      -      -       -     0.0    16.7       -       -
<0.001                            0.32     0.0  4.71e-06       104      71    5.73     6.8   0.19   0.14   +0.10     0.0    10.7    1.22    1.31
0.001 to 0.0032                   0.64     0.0  5.99e-06      9.13      73       2    2.31   0.17   0.14   +0.08     0.1     9.0    0.72   0.717
0.0032 to 0.01                    1.87     0.0  1.04e-05      1.57      71    1.19    1.39   0.16   0.15   +0.06     1.0     7.9   0.698   0.646
0.01 to 0.032                     3.95     0.0   2.8e-05     0.456      60   0.955    1.13   0.15   0.16   +0.02     4.2     6.9   0.733   0.648
0.032 to 0.1                      6.42     0.0  0.000162     0.282      48   0.842    1.01   0.15   0.17   -0.03     8.0     5.1   0.657   0.582
0.1 to 0.32                      10.14     0.0   0.00155     0.262      37   0.766   0.916   0.14   0.17   -0.08    10.9     4.1   0.559   0.492
0.32 to 1                        29.95     0.1     0.012     0.172      47   0.837    0.93   0.16   0.19   -0.06    14.7     3.7   0.772     0.7
1 to 3.2                         28.08     0.6     0.124     0.264      39   0.754    0.87   0.16   0.20   -0.08    18.7     3.4    0.77   0.686
3.2 to 10                         9.53     2.0      1.12     0.286      42   0.718    0.86   0.16   0.22   -0.08    17.3     3.5   0.736   0.646
10 to 32                          1.90     4.4      12.7     0.348      43   0.658   0.899   0.19   0.25   -0.08    16.5     7.1   0.826   0.648
32 to 1e+02                       0.20     5.9       161     0.533      25   0.496   0.794   0.20   0.28   -0.16    20.5     8.1    0.73    0.49
1e+02 to 3.2e+02                  0.01     7.0  3.34e+03     0.927       4   0.174   0.248   0.19   0.24   -0.49    17.7     6.8   0.169   0.126
3.2e+02 to 1e+03                  0.00    11.9  2.76e+04     0.986       1  0.0917  0.0996   0.19   0.18   -0.58    10.3     5.7  0.0752  0.0721
1e+03 to 3.2e+03                  0.00    15.0  2.35e+05     0.995       0  0.0678  0.0611   0.19   0.16   -0.62    10.2     9.3  0.0492  0.0576
>=3.2e+03                         0.00    53.1  7.58e+06         1       0  0.0287  0.0258   0.18   0.16   -0.66     4.1    10.8  0.0281  0.0341

## Worst per-pixel SSE tail (bin-edge approximate)
group                             pix%    SSE%       MSE    relSSE   orth%     EMr     pkR     wP     wR   shift   refM%   modM%  bright%
-----------------------------------------------------------------------------------------------------------------------------------------
worst_0.1pct_approx               0.12    92.5  4.16e+03     0.967       2   0.277   0.436   0.21   0.28   -0.31    23.5    10.8    100.0
worst_1pct_approx                 1.47    97.3       360     0.896       4   0.498   0.743   0.20   0.27   -0.15    20.8     8.7     97.2
remainder                        98.53     2.7     0.151     0.213      48   0.767   0.889   0.16   0.19   -0.06    13.4     4.9      8.8
  worst_0.1pct_approx: pixel SSE >= 1.78e+03; dominant channel of Bright part: 94:57%, 131:6%, 171:0%, 193:0%, 211:2%, 335:35%
  worst_1pct_approx: pixel SSE >= 100; dominant channel of Bright part: 94:18%, 131:10%, 171:4%, 193:1%, 211:18%, 335:50%

## Solver scatter (repeated AIA inputs)
groups by number of targets: {'1': 17445, '2': 10338, '3': 3028, '4': 415, '5': 19}; evicted: 29946

## Solver scatter, population
group                             pix%   modelMSE  scatterMSE    biasMSE  scatter%  biasOrth%     check
-------------------------------------------------------------------------------------------------------
full                            100.00       7.55       0.035       7.52       0.5          4   7.5e-16
bright                           10.38       72.2       0.225       71.9       0.3          4   9.1e-16
quiet                            89.62     0.0736       0.013     0.0606      17.7         38   6.7e-16

## Solver scatter, by intensity over threshold
group                             pix%   modelMSE  scatterMSE    biasMSE  scatter%  biasOrth%     check
-------------------------------------------------------------------------------------------------------
<0.03x                            3.98   0.000354     0.00014   0.000214      39.6         11   3.8e-16
0.03-0.1x                        10.85    0.00177     0.00055    0.00122      31.0         27   3.6e-16
0.1-0.3x                         33.13     0.0129     0.00367    0.00928      28.3         41   2.6e-16
0.3-1x                           41.66      0.148      0.0249      0.123      16.9         38   2.9e-16
1-1.8x                            6.59      0.878      0.0829      0.796       9.4         47   1.5e-16
1.8-3.2x                          2.45       3.32        0.18       3.14       5.4         51   8.7e-16
3.2-10x                           1.24         24       0.497       23.5       2.1         41   2.4e-16
10-32x                            0.08        379        2.75        376       0.7         17   0.0e+00
>=32x                             0.01   6.37e+04        47.1   6.36e+04       0.1          0   1.7e-16

Signed DEM error by logT bin (pred - ref, mean per pixel):
  bright -0.44 -0.35 -0.18 +0.02 +0.10 +0.14 -0.03 +0.22 +0.40 -1.95 -2.99 -1.90 -1.07 -0.86 -0.70 -0.41 -0.22 -0.11
  quiet  -0.04 -0.02 -0.01 -0.00 +0.01 +0.01 +0.01 +0.02 +0.00 -0.16 -0.24 -0.17 -0.09 -0.04 -0.03 -0.02 -0.02 -0.02
  logT    5.50  5.60  5.70  5.80  5.90  6.00  6.10  6.20  6.30  6.40  6.50  6.60  6.70  6.80  6.90  7.00  7.10  7.20
