# Bright-failure diagnostic: BP track, label-free model
model /home/hsr3649/projects/dem/output/experiments/resample/scaled_mlp6_barrier_h480_resample.pt
blocks 48,960   valid pixel-targets 705,016,779

Columns: pix% share of pixels | SSE% share of total DEM squared error | MSE per bin |
relSSE error energy / reference energy | orth% of SSE orthogonal to the reference curve
(temperature placement) vs along it (scale) | EMr, pkR aggregate predicted/reference emission
and peak height | wP, wR EM-weighted logT width (dex) | shift mean logT pred-ref (dex) |
refM%, modM% multi-peaked | p50 median per-pixel SSE | top1% SSE share of the worst 1%

## Population
group                             pix%    SSE%       MSE    relSSE   orth%     EMr     pkR     wP     wR   shift   refM%   modM%       p50   top1%
--------------------------------------------------------------------------------------------------------------------------------------------------
full                            100.00   100.0      5.15     0.779       3   0.828   0.807   0.17   0.19   -0.05    13.5     7.5    0.0245    98.3
bright                           10.12    99.0      50.3     0.796       3   0.821   0.803   0.21   0.24   -0.04    23.8    11.6      2.57    96.9
quiet                            89.88     1.0    0.0588     0.249      25   0.835    0.81   0.16   0.18   -0.05    12.3     7.0    0.0148    41.2

## By intensity (max over channels of observed/threshold)
group                             pix%    SSE%       MSE    relSSE   orth%     EMr     pkR     wP     wR   shift   refM%   modM%       p50   top1%
--------------------------------------------------------------------------------------------------------------------------------------------------
<0.03x                            3.85     0.0  0.000457     0.776       5   0.761   0.646   0.14   0.14   -0.00     0.9    33.0  1.17e-05    80.1
0.03-0.1x                        10.51     0.0   0.00224     0.479      11   0.828   0.759   0.14   0.15   -0.02     3.2    10.6  0.000245    68.3
0.1-0.3x                         33.02     0.1    0.0107      0.22      20    0.86   0.823   0.15   0.17   -0.06     8.6     4.9    0.0049    48.4
0.3-1x                           42.50     1.0     0.115     0.251      25    0.83   0.808   0.17   0.20   -0.05    18.5     5.5     0.102    29.5
1-1.8x                            6.53     0.7     0.542     0.166      36   0.866   0.843   0.19   0.23   -0.04    22.5     7.9      1.23    21.1
1.8-3.2x                          2.35     0.7      1.59     0.128      44   0.889   0.863   0.22   0.25   -0.04    24.0    12.5       4.9    20.5
3.2-10x                           1.15     2.6      11.8     0.178      33   0.833   0.832   0.25   0.27   -0.06    29.8    25.8      33.9    17.9
10-32x                            0.08     4.5       298     0.549      16   0.553   0.596   0.30   0.31   -0.27    43.0    72.4  2.57e+03     8.6
>=32x                             0.01    90.5  4.74e+04     0.989       1   0.188   0.128   0.33   0.23   -0.55    18.3    90.5  8.91e+04    69.5

## Bright, by channel with the largest observed/threshold
group                             pix%    SSE%       MSE    relSSE   orth%     EMr     pkR     wP     wR   shift   refM%   modM%       p50   top1%
--------------------------------------------------------------------------------------------------------------------------------------------------
94                                1.96    86.4       227     0.941       2   0.635   0.656   0.20   0.25   -0.11    28.1     8.9      2.04    97.0
131                               1.80     9.4        27     0.776       3   0.884   0.844   0.25   0.29   -0.03    56.9    38.6      1.23    97.8
171                               1.73     0.2     0.465    0.0916      59    0.93   0.902   0.19   0.21   -0.02    24.0     7.3     0.646    30.3
193                               0.76     0.0     0.336    0.0534      71   0.972   0.935   0.16   0.19   +0.01     5.9     0.3     0.589    32.6
211                               1.57     0.4      1.31    0.0593      85    1.01   0.897   0.19   0.21   +0.01     5.2     0.2      4.27    30.4
335                               2.30     2.5       5.7     0.233      26    0.74   0.756   0.21   0.24   -0.07    12.8     7.3      15.5    33.7
quiet                            89.88     1.0    0.0588     0.249      25   0.835    0.81   0.16   0.18   -0.05    12.3     7.0    0.0148    41.2

## Bright, inclusive by trigger channel (overlapping)
group                             pix%    SSE%       MSE    relSSE   orth%     EMr     pkR     wP     wR   shift   refM%   modM%       p50   top1%
--------------------------------------------------------------------------------------------------------------------------------------------------
94                                5.27    98.1      95.8     0.815       3   0.807   0.802   0.21   0.24   -0.06    24.6    12.0      3.89    96.7
131                               5.10    98.1      98.9     0.819       3   0.813   0.793   0.23   0.26   -0.04    32.7    20.8      3.55    96.7
171                               4.94    94.7      98.7     0.822       3   0.832   0.814   0.21   0.24   -0.03    26.2    13.1      2.57    97.6
193                               4.93    97.1       101     0.809       3   0.842   0.822   0.21   0.23   -0.02    18.4    10.5      3.89    97.1
211                               4.92    97.4       102     0.804       3   0.841   0.818   0.21   0.23   -0.02    16.0    10.5       4.9    96.7
335                               5.22    98.6      97.1      0.81       3   0.788   0.779   0.22   0.25   -0.05    19.8    12.3      8.51    96.2

## By number of trigger channels
group                             pix%    SSE%       MSE    relSSE   orth%     EMr     pkR     wP     wR   shift   refM%   modM%       p50   top1%
--------------------------------------------------------------------------------------------------------------------------------------------------
0                                89.88     1.0    0.0588     0.249      25   0.835    0.81   0.16   0.18   -0.05    12.3     7.0    0.0148    41.2
1                                 3.42     0.5     0.739     0.314      23   0.784   0.758   0.19   0.24   -0.06    26.6    10.6      1.29    25.3
2                                 1.69     0.3     0.988     0.242      27   0.862   0.836   0.19   0.23   -0.03    21.9     8.8      1.29    40.0
3                                 1.20     0.7      3.09     0.391      14   0.852    0.83   0.20   0.23   -0.04    23.1     8.9      2.14    70.9
4                                 0.96     0.8      4.02     0.351      17    0.85    0.84   0.20   0.24   -0.03    21.1     9.1      2.95    62.3
5                                 0.90     2.5      14.3     0.544       9   0.836   0.812   0.21   0.24   -0.03    21.5    10.2       4.9    82.4
6                                 1.93    94.2       251     0.835       2   0.809   0.796   0.24   0.26   -0.04    23.5    19.2      10.2    96.5

## Top exact trigger patterns by SSE share
group                             pix%    SSE%       MSE    relSSE   orth%     EMr     pkR     wP     wR   shift   refM%   modM%       p50   top1%
--------------------------------------------------------------------------------------------------------------------------------------------------
94+131+171+193+211+335            1.93    94.2       251     0.835       2   0.809   0.796   0.24   0.26   -0.04    23.5    19.2      10.2    96.5
94+131+193+211+335                0.26     2.3      44.6     0.661       6   0.737   0.759   0.22   0.25   -0.06    14.5     9.7      11.7    77.6
94+131+335                        0.04     0.5      70.2     0.935       2   0.346   0.304   0.29   0.30   -0.24    33.2    62.7      51.3    40.6
94+131+211+335                    0.07     0.4      29.5     0.701      10   0.509   0.633   0.27   0.27   -0.14    16.9    26.0      77.6    33.4
335                               0.90     0.4      2.03     0.488      17   0.598   0.578   0.20   0.24   -0.10    14.4     4.5      14.1    16.1
94+131+193+335                    0.00     0.1       165     0.983       0   0.389   0.291   0.25   0.29   -0.13    37.9    29.4      6.46    49.1
94+335                            0.13     0.1      4.19      0.55      11   0.544   0.604   0.21   0.23   -0.14    10.7     5.7      18.6    21.5
131+171+193+211+335               0.17     0.1      2.57      0.22      50   0.934   0.827   0.23   0.26   +0.03    22.1    12.7      4.07    21.7
94+131+171+193+335                0.11     0.1      3.99     0.551      12   0.743   0.856   0.21   0.28   -0.10    45.4    14.3       4.9    74.7
94+211+335                        0.10     0.1      3.85       0.3      24    0.77    0.82   0.20   0.21   -0.05     2.3     0.1      6.17    23.7
211+335                           0.24     0.1      1.34     0.162      46   0.912   0.867   0.19   0.21   -0.00     3.0     0.1      3.89    23.1
94                                0.80     0.1     0.363      0.27      26   0.774   0.839   0.18   0.25   -0.12    33.5     2.9     0.776    35.0

## By DEM shape (reference x model x Bright)
group                             pix%    SSE%       MSE    relSSE   orth%     EMr     pkR     wP     wR   shift   refM%   modM%       p50   top1%
--------------------------------------------------------------------------------------------------------------------------------------------------
ref uni / model uni / Quiet      75.02     0.7    0.0473     0.202      25   0.876   0.833   0.15   0.16   -0.03     0.0     0.0    0.0107    47.9
ref uni / model uni / Bright      7.45     9.0       6.2     0.342      12   0.887   0.858   0.19   0.21   -0.02     0.0     0.0      1.62    83.6
ref uni / model multi / Quiet     3.79     0.0    0.0399     0.617      13   0.646   0.503   0.30   0.23   -0.21     0.0   100.0  1.02e-12    64.9
ref uni / model multi / Bright    0.26    83.1  1.67e+03     0.971       1   0.406   0.354   0.30   0.29   -0.16     0.0   100.0      85.1    91.5
ref multi / model uni / Quiet     8.52     0.3     0.169     0.497      26   0.623   0.689   0.18   0.32   -0.19   100.0     0.0     0.562    18.7
ref multi / model uni / Bright    1.50     0.9      3.09     0.336      30   0.758   0.796   0.20   0.32   -0.14   100.0     0.0      7.76    60.4
ref multi / model multi / Quie    2.54     0.0    0.0562     0.262      34   0.842   0.785   0.28   0.31   -0.07   100.0   100.0     0.141    28.1
ref multi / model multi / Brig    0.91     6.0      33.9     0.614      12   0.802   0.809   0.29   0.33   -0.06   100.0   100.0      3.72    90.1

## Regression-to-mean check, by reference peak height
group                             pix%    SSE%       MSE    relSSE   orth%     EMr     pkR     wP     wR   shift   refM%   modM%    gPkR    gEMr
------------------------------------------------------------------------------------------------------------------------------------------------
<=0                               7.00     0.0   0.00587         -     100       -       -      -      -       -     0.0    41.4       -       -
<0.001                            0.32     0.0  6.43e-05  1.42e+03      97    4.68    4.83   0.18   0.14   +0.07     0.0     5.4   0.607   0.719
0.001 to 0.0032                   0.64     0.0  6.45e-05      98.2      75    1.69    1.71   0.16   0.14   +0.05     0.1     2.7    0.42   0.463
0.0032 to 0.01                    1.87     0.0  1.16e-05      1.75      74    1.08    1.11   0.16   0.15   +0.03     1.0     2.4   0.514   0.542
0.01 to 0.032                     3.95     0.0   2.5e-05     0.409      57   0.929   0.955   0.15   0.16   +0.00     4.2     2.4   0.624   0.637
0.032 to 0.1                      6.42     0.0  0.000126      0.22      34   0.867    0.88   0.15   0.17   -0.03     8.0     2.8    0.59   0.608
0.1 to 0.32                      10.14     0.0   0.00141     0.238      32   0.821   0.832   0.15   0.17   -0.07    10.9     4.0   0.522   0.528
0.32 to 1                        29.95     0.1   0.00922     0.131      41   0.879   0.901   0.16   0.19   -0.05    14.7     5.0   0.751   0.738
1 to 3.2                         28.08     0.5    0.0897     0.191      32   0.831   0.834   0.17   0.20   -0.06    18.7     5.2   0.743   0.753
3.2 to 10                         9.53     1.2     0.665      0.17      33   0.849   0.799   0.19   0.22   -0.04    17.3     5.9   0.691   0.755
10 to 32                          1.90     2.3      6.17     0.169      35   0.858   0.816   0.23   0.25   -0.03    16.5    13.8   0.757   0.829
32 to 1e+02                       0.20     4.3       111     0.367      23     0.7   0.736   0.27   0.28   -0.12    20.5    34.2   0.685   0.679
1e+02 to 3.2e+02                  0.01     7.1   3.2e+03     0.889       6   0.273   0.233   0.32   0.24   -0.50    17.7    80.5   0.164   0.206
3.2e+02 to 1e+03                  0.00    12.5  2.74e+04     0.978       2   0.151  0.0925   0.33   0.18   -0.60    10.3    88.9  0.0709   0.123
1e+03 to 3.2e+03                  0.00    15.9  2.35e+05     0.993       1   0.105  0.0549   0.33   0.16   -0.65    10.2    90.8  0.0435  0.0916
>=3.2e+03                         0.00    56.2  7.58e+06     0.999       0  0.0403  0.0234   0.31   0.16   -0.70     4.1    91.1  0.0249  0.0484

## Worst per-pixel SSE tail (bin-edge approximate)
group                             pix%    SSE%       MSE    relSSE   orth%     EMr     pkR     wP     wR   shift   refM%   modM%  bright%
-----------------------------------------------------------------------------------------------------------------------------------------
worst_0.1pct_approx               0.13    96.2  3.95e+03     0.958       2   0.365   0.367   0.30   0.28   -0.32    21.8    61.9    100.0
worst_1pct_approx                 1.28    98.5       395     0.895       3   0.589   0.565   0.23   0.28   -0.14    26.2    22.2     86.7
remainder                        98.72     1.5    0.0807    0.0843      43   0.873   0.854   0.16   0.19   -0.05    13.3     7.3      9.1
  worst_0.1pct_approx: pixel SSE >= 1e+03; dominant channel of Bright part: 94:59%, 131:5%, 171:0%, 193:0%, 211:2%, 335:34%
  worst_1pct_approx: pixel SSE >= 56.2; dominant channel of Bright part: 94:21%, 131:9%, 171:5%, 193:1%, 211:12%, 335:52%

## Solver scatter (repeated AIA inputs)
groups by number of targets: {'1': 17445, '2': 10338, '3': 3028, '4': 415, '5': 19}; evicted: 29946

## Solver scatter, population
group                             pix%   modelMSE  scatterMSE    biasMSE  scatter%  biasOrth%     check
-------------------------------------------------------------------------------------------------------
full                            100.00       7.22       0.035       7.19       0.5          2   9.4e-16
bright                           10.38       69.1       0.225       68.9       0.3          2   9.5e-16
quiet                            89.62     0.0549       0.013     0.0419      23.7         28   9.0e-17

## Solver scatter, by intensity over threshold
group                             pix%   modelMSE  scatterMSE    biasMSE  scatter%  biasOrth%     check
-------------------------------------------------------------------------------------------------------
<0.03x                            3.98   0.000389     0.00014   0.000249      36.0          7   1.4e-16
0.03-0.1x                        10.85    0.00187     0.00055    0.00132      29.4         15   3.4e-16
0.1-0.3x                         33.13       0.01     0.00367    0.00634      36.6         25   9.2e-16
0.3-1x                           41.66       0.11      0.0249     0.0847      22.7         28   9.7e-17
1-1.8x                            6.59      0.503      0.0829      0.421      16.5         37   9.4e-16
1.8-3.2x                          2.45        1.5        0.18       1.32      12.0         43   1.2e-16
3.2-10x                           1.24       11.8       0.497       11.3       4.2         33   2.4e-16
10-32x                            0.08        299        2.75        297       0.9         16   2.8e-16
>=32x                             0.01   6.34e+04        47.1   6.34e+04       0.1          1   1.7e-16

Signed DEM error by logT bin (pred - ref, mean per pixel):
  bright -0.24 -0.09 -0.05 -0.03 -0.04 +0.03 +0.22 +0.18 -0.36 -0.47 -0.76 -0.85 -0.83 -0.86 -0.70 -0.41 -0.22 -0.11
  quiet  -0.04 -0.02 -0.02 -0.01 -0.00 +0.01 +0.03 +0.02 -0.05 -0.06 -0.10 -0.11 -0.07 -0.04 -0.03 -0.02 -0.02 -0.02
  logT    5.50  5.60  5.70  5.80  5.90  6.00  6.10  6.20  6.30  6.40  6.50  6.60  6.70  6.80  6.90  7.00  7.10  7.20
