# Bright-failure diagnostic: BP track, label-free model
model /home/hsr3649/projects/dem/output/experiments/resample/scaled_mlp6_barrier_h48_resample.pt
blocks 48,960   valid pixel-targets 705,016,779

Columns: pix% share of pixels | SSE% share of total DEM squared error | MSE per bin |
relSSE error energy / reference energy | orth% of SSE orthogonal to the reference curve
(temperature placement) vs along it (scale) | EMr, pkR aggregate predicted/reference emission
and peak height | wP, wR EM-weighted logT width (dex) | shift mean logT pred-ref (dex) |
refM%, modM% multi-peaked | p50 median per-pixel SSE | top1% SSE share of the worst 1%

## Population
group                             pix%    SSE%       MSE    relSSE   orth%     EMr     pkR     wP     wR   shift   refM%   modM%       p50   top1%
--------------------------------------------------------------------------------------------------------------------------------------------------
full                            100.00   100.0      5.97     0.903      13   0.695     1.5   0.07   0.19   +0.09    13.5     0.1      1.55    91.2
bright                           10.12    97.0      57.2     0.905      11   0.633    1.44   0.07   0.24   +0.08    23.8     0.0      51.3    87.5
quiet                            89.88     3.0     0.201     0.852      71   0.762    1.57   0.07   0.18   +0.09    12.3     0.1      1.07    14.3

## By intensity (max over channels of observed/threshold)
group                             pix%    SSE%       MSE    relSSE   orth%     EMr     pkR     wP     wR   shift   refM%   modM%       p50   top1%
--------------------------------------------------------------------------------------------------------------------------------------------------
<0.03x                            3.85     0.0  0.000665      1.13      32    1.02    1.48   0.07   0.14   +0.13     0.9     3.3  0.000447    54.4
0.03-0.1x                        10.51     0.0   0.00386     0.824      43    0.87    1.35   0.07   0.15   +0.08     3.2     0.0   0.00933    38.4
0.1-0.3x                         33.02     0.2    0.0412     0.851      72   0.828    1.54   0.07   0.17   +0.06     8.6     0.0     0.245    12.9
0.3-1x                           42.50     2.8     0.392     0.852      71   0.747    1.58   0.07   0.20   +0.10    18.5     0.0      4.27     9.6
1-1.8x                            6.53     2.6      2.34     0.716      77   0.732     1.6   0.07   0.23   +0.09    22.5     0.0      33.9     5.5
1.8-3.2x                          2.35     3.0      7.53     0.605      78   0.697    1.57   0.07   0.25   +0.07    24.0     0.0       117     4.7
3.2-10x                           1.15     7.5      38.9     0.587      63   0.578    1.38   0.07   0.27   +0.04    29.8     0.0       447     7.3
10-32x                            0.08     5.5       425     0.783      27   0.335   0.897   0.07   0.31   -0.15    43.0     0.0   4.9e+03     6.3
>=32x                             0.01    78.5  4.77e+04     0.995       1   0.105   0.179   0.07   0.23   -0.45    18.3     0.0  9.33e+04    69.2

## Bright, by channel with the largest observed/threshold
group                             pix%    SSE%       MSE    relSSE   orth%     EMr     pkR     wP     wR   shift   refM%   modM%       p50   top1%
--------------------------------------------------------------------------------------------------------------------------------------------------
94                                1.96    77.2       235     0.975       4   0.503    1.22   0.07   0.25   +0.01    28.1     0.0      38.9    94.5
131                               1.80     9.9      32.8     0.942      17   0.646    1.78   0.07   0.29   +0.23    56.9     0.0      33.9    84.3
171                               1.73     1.6      5.64      1.11      88   0.762    2.02   0.07   0.21   +0.19    24.0     0.0      51.3    10.4
193                               0.76     0.8      5.96     0.947      94   0.993    2.08   0.07   0.19   +0.11     5.9     0.0      74.1     8.2
211                               1.57     1.8       6.7     0.303      88    0.77     1.4   0.07   0.21   +0.02     5.2     0.0      53.7    14.7
335                               2.30     5.8        15     0.612      51   0.515    1.15   0.07   0.24   -0.03    12.8     0.0      70.8    22.3
quiet                            89.88     3.0     0.201     0.852      71   0.762    1.57   0.07   0.18   +0.09    12.3     0.1      1.07    14.3

## Bright, inclusive by trigger channel (overlapping)
group                             pix%    SSE%       MSE    relSSE   orth%     EMr     pkR     wP     wR   shift   refM%   modM%       p50   top1%
--------------------------------------------------------------------------------------------------------------------------------------------------
94                                5.27    94.7       107     0.913      10    0.61    1.43   0.07   0.24   +0.05    24.6     0.0      89.1    87.9
131                               5.10    94.4       110     0.915      10   0.599    1.42   0.07   0.26   +0.12    32.7     0.0      89.1    88.0
171                               4.94    91.4       110     0.921      10    0.63    1.52   0.07   0.24   +0.13    26.2     0.0      89.1    88.8
193                               4.93    94.0       114     0.909      11    0.65    1.49   0.07   0.23   +0.07    18.4     0.0       102    87.9
211                               4.92    94.1       114     0.901      10   0.631     1.4   0.07   0.23   +0.03    16.0     0.0       102    87.8
335                               5.22    95.1       109     0.906      10   0.579    1.33   0.07   0.25   +0.02    19.8     0.0       102    87.5

## By number of trigger channels
group                             pix%    SSE%       MSE    relSSE   orth%     EMr     pkR     wP     wR   shift   refM%   modM%       p50   top1%
--------------------------------------------------------------------------------------------------------------------------------------------------
0                                89.88     3.0     0.201     0.852      71   0.762    1.57   0.07   0.18   +0.09    12.3     0.1      1.07    14.3
1                                 3.42     1.1      1.85     0.787      59   0.649     1.4   0.07   0.24   +0.09    26.6     0.0      23.4    10.7
2                                 1.69     0.8      2.99     0.731      63   0.703    1.51   0.07   0.23   +0.11    21.9     0.0      38.9    14.8
3                                 1.20     1.2      6.01     0.759      47     0.7    1.51   0.07   0.23   +0.08    23.1     0.0      53.7    37.7
4                                 0.96     1.3      8.28     0.723      50   0.689    1.52   0.07   0.24   +0.07    21.1     0.0      77.6    31.8
5                                 0.90     3.2      20.9     0.793      30   0.658    1.45   0.07   0.24   +0.06    21.5     0.0       107    58.1
6                                 1.93    89.4       276     0.919       9   0.582     1.4   0.07   0.26   +0.05    23.5     0.0       257    88.6

## Top exact trigger patterns by SSE share
group                             pix%    SSE%       MSE    relSSE   orth%     EMr     pkR     wP     wR   shift   refM%   modM%       p50   top1%
--------------------------------------------------------------------------------------------------------------------------------------------------
94+131+171+193+211+335            1.93    89.4       276     0.919       9   0.582     1.4   0.07   0.26   +0.05    23.5     0.0       257    88.6
94+131+193+211+335                0.26     2.3      53.4     0.792      14   0.516    1.06   0.07   0.25   -0.05    14.5     0.0       123    65.5
335                               0.90     0.5      3.17     0.763      35   0.461   0.972   0.07   0.24   -0.05    14.4     0.0      35.5     9.8
94+131+211+335                    0.07     0.4      35.7     0.848      12   0.322   0.713   0.07   0.27   -0.11    16.9     0.0       186    28.1
94+131+335                        0.04     0.4      73.8     0.983       3   0.222   0.486   0.07   0.30   -0.13    33.2     0.0      97.7    38.7
94+131+171+193+211                0.19     0.2      6.85      1.02      92   0.918    1.95   0.07   0.23   +0.15    28.2     0.0       107     4.7
131+171+193+211+335               0.17     0.2      7.55     0.647      79   0.728    1.63   0.07   0.26   +0.13    22.1     0.0      97.7     8.5
94+193+211+335                    0.22     0.2      5.61      0.43      78   0.727     1.5   0.07   0.19   -0.03     2.5     0.0      77.6     9.2
94+171+193+211+335                0.15     0.2      7.19     0.609      86   0.777     1.8   0.07   0.20   +0.03     5.9     0.0       107     6.7
94                                0.80     0.2      1.21     0.898      72   0.716    1.73   0.07   0.25   +0.01    33.5     0.0        17    11.0
94+131+171+193+335                0.11     0.2      9.13      1.26      52   0.619    1.96   0.07   0.28   +0.15    45.4     0.0      97.7    33.4
131+171                           0.44     0.1      1.96      1.48      72   0.687    1.89   0.07   0.24   +0.30    31.7     0.0      29.5     6.8

## By DEM shape (reference x model x Bright)
group                             pix%    SSE%       MSE    relSSE   orth%     EMr     pkR     wP     wR   shift   refM%   modM%       p50   top1%
--------------------------------------------------------------------------------------------------------------------------------------------------
ref uni / model uni / Quiet      78.69     2.5     0.188     0.832      74   0.809    1.59   0.07   0.16   +0.09     0.0     0.0     0.891    14.8
ref uni / model uni / Bright      7.71    88.1      68.2     0.914       9   0.652    1.41   0.07   0.21   +0.07     0.0     0.0      53.7    89.6
ref uni / model multi / Quiet     0.13     0.0  1.71e-05         1       0 0.000156 2.69e-05   0.50   0.15   +0.13     0.0   100.0  1.02e-12   100.0
ref multi / model uni / Quiet    11.06     0.6     0.298     0.955      58   0.561    1.41   0.07   0.32   +0.03   100.0     0.0      2.57    11.3
ref multi / model uni / Bright    2.41     8.9      22.1     0.828      36    0.57    1.57   0.07   0.32   +0.09   100.0     0.0      46.8    65.9
ref multi / model multi / Quie    0.00     0.0  0.000741         1       0 1.85e-06 3.96e-07   0.50   0.52   -0.17   100.0   100.0   0.00123    82.0

## Regression-to-mean check, by reference peak height
group                             pix%    SSE%       MSE    relSSE   orth%     EMr     pkR     wP     wR   shift   refM%   modM%    gPkR    gEMr
------------------------------------------------------------------------------------------------------------------------------------------------
<=0                               7.00     0.0  2.45e-06         -     100       -       -      -      -       -     0.0     1.8       -       -
<0.001                            0.32     0.0   2.4e-05       528      84    11.8      24   0.10   0.14   +0.28     0.0     0.1    3.21    1.74
0.001 to 0.0032                   0.64     0.0  3.74e-05        57      86    3.94    8.08   0.08   0.14   +0.26     0.1     0.0    1.82   0.922
0.0032 to 0.01                    1.87     0.0  8.07e-05      12.2      88    2.09    4.37   0.07   0.15   +0.24     1.0     0.0    1.79   0.876
0.01 to 0.032                     3.95     0.0  0.000264      4.32      86    1.43       3   0.07   0.16   +0.18     4.2     0.0    1.91   0.927
0.032 to 0.1                      6.42     0.0   0.00114      1.98      81    1.07    2.16   0.07   0.17   +0.10     8.0     0.0    1.43   0.743
0.1 to 0.32                      10.14     0.0   0.00768       1.3      73   0.801    1.62   0.07   0.17   +0.04    10.9     0.0   0.987   0.527
0.32 to 1                        29.95     0.5     0.098       1.4      83   0.814    1.87   0.07   0.19   +0.11    14.7     0.0    1.46   0.676
1 to 3.2                         28.08     2.2     0.474      1.01      79   0.754    1.67   0.07   0.20   +0.06    18.7     0.0    1.43   0.679
3.2 to 10                         9.53     4.7      2.93     0.749      77   0.713    1.48   0.07   0.22   +0.03    17.3     0.0    1.25   0.638
10 to 32                          1.90     6.6      20.6     0.566      66   0.614    1.32   0.07   0.25   +0.01    16.5     0.0     1.2   0.598
32 to 1e+02                       0.20     6.5       194     0.641      38   0.444    1.02   0.07   0.28   -0.08    20.5     0.0   0.938   0.431
1e+02 to 3.2e+02                  0.01     6.5  3.39e+03     0.941       6   0.161   0.318   0.07   0.24   -0.41    17.7     0.0   0.235   0.119
3.2e+02 to 1e+03                  0.00    10.8  2.77e+04     0.988       2  0.0842   0.127   0.07   0.18   -0.49    10.3     0.0   0.105  0.0702
1e+03 to 3.2e+03                  0.00    13.7  2.35e+05     0.995       0   0.057  0.0698   0.07   0.16   -0.53    10.2     0.0  0.0631  0.0528
>=3.2e+03                         0.00    48.5  7.58e+06         1       0  0.0219  0.0259   0.07   0.16   -0.56     4.1     0.0  0.0293  0.0267

## Worst per-pixel SSE tail (bin-edge approximate)
group                             pix%    SSE%       MSE    relSSE   orth%     EMr     pkR     wP     wR   shift   refM%   modM%  bright%
-----------------------------------------------------------------------------------------------------------------------------------------
worst_0.1pct_approx               0.16    86.1  3.16e+03     0.969       3   0.288   0.669   0.07   0.29   -0.18    26.5     0.0    100.0
worst_1pct_approx                 1.73    92.8       320     0.925       8   0.513    1.21   0.07   0.26   +0.01    24.3     0.0     99.6
remainder                        98.27     7.2     0.437     0.693      77   0.752    1.59   0.07   0.19   +0.09    13.3     0.1      8.5
  worst_0.1pct_approx: pixel SSE >= 1.78e+03; dominant channel of Bright part: 94:47%, 131:10%, 171:1%, 193:0%, 211:3%, 335:39%
  worst_1pct_approx: pixel SSE >= 178; dominant channel of Bright part: 94:17%, 131:13%, 171:14%, 193:5%, 211:15%, 335:35%

## Solver scatter (repeated AIA inputs)
groups by number of targets: {'1': 17445, '2': 10338, '3': 3028, '4': 415, '5': 19}; evicted: 29946

## Solver scatter, population
group                             pix%   modelMSE  scatterMSE    biasMSE  scatter%  biasOrth%     check
-------------------------------------------------------------------------------------------------------
full                            100.00        8.1       0.035       8.06       0.4         10   1.4e-15
bright                           10.38       76.4       0.225       76.1       0.3          9   1.4e-15
quiet                            89.62      0.195       0.013      0.182       6.7         75   2.0e-16

## Solver scatter, by intensity over threshold
group                             pix%   modelMSE  scatterMSE    biasMSE  scatter%  biasOrth%     check
-------------------------------------------------------------------------------------------------------
<0.03x                            3.98   0.000603     0.00014   0.000463      23.3         45   1.8e-16
0.03-0.1x                        10.85    0.00351     0.00055    0.00296      15.7         55   5.5e-16
0.1-0.3x                         33.13     0.0402     0.00367     0.0365       9.1         79   3.3e-16
0.3-1x                           41.66      0.387      0.0249      0.362       6.4         75   1.1e-16
1-1.8x                            6.59       2.32      0.0829       2.24       3.6         80   4.6e-16
1.8-3.2x                          2.45       7.54        0.18       7.36       2.4         79   5.8e-16
3.2-10x                           1.24       39.2       0.497       38.8       1.3         63   1.5e-16
10-32x                            0.08        427        2.75        424       0.6         27   0.0e+00
>=32x                             0.01   6.38e+04        47.1   6.37e+04       0.1          1   5.1e-16

Signed DEM error by logT bin (pred - ref, mean per pixel):
  bright -0.54 -0.70 -0.95 -1.07 -1.13 -1.34 -2.13 +0.40 +5.41 -0.72 -3.41 -1.90 -1.07 -0.86 -0.70 -0.41 -0.22 -0.11
  quiet  -0.05 -0.05 -0.08 -0.12 -0.18 -0.25 -0.35 +0.03 +0.82 +0.10 -0.28 -0.17 -0.09 -0.04 -0.03 -0.02 -0.02 -0.02
  logT    5.50  5.60  5.70  5.80  5.90  6.00  6.10  6.20  6.30  6.40  6.50  6.60  6.70  6.80  6.90  7.00  7.10  7.20
