# Bright-failure diagnostic: ENET track, label-free model
model /home/hsr3649/projects/dem/output/experiments/resample/scaled_mlp6_enet_h480_resample.pt
blocks 48,960   valid pixel-targets 802,160,640

Columns: pix% share of pixels | SSE% share of total DEM squared error | MSE per bin |
relSSE error energy / reference energy | orth% of SSE orthogonal to the reference curve
(temperature placement) vs along it (scale) | EMr, pkR aggregate predicted/reference emission
and peak height | wP, wR EM-weighted logT width (dex) | shift mean logT pred-ref (dex) |
refM%, modM% multi-peaked | p50 median per-pixel SSE | top1% SSE share of the worst 1%

## Population
group                             pix%    SSE%       MSE    relSSE   orth%     EMr     pkR     wP     wR   shift   refM%   modM%       p50   top1%
--------------------------------------------------------------------------------------------------------------------------------------------------
full                            100.00   100.0      3.24     0.971      78   0.985    0.95   0.28   0.26   +0.01    61.8    58.7     0.851    95.7
bright                           10.50    96.6      29.8      1.15      78       1   0.994   0.33   0.31   +0.00    61.5    56.7       4.9    98.3
quiet                            89.50     3.4     0.123     0.177      61   0.972   0.928   0.27   0.25   +0.02    61.8    59.0     0.676    12.7

## By intensity (max over channels of observed/threshold)
group                             pix%    SSE%       MSE    relSSE   orth%     EMr     pkR     wP     wR   shift   refM%   modM%       p50   top1%
--------------------------------------------------------------------------------------------------------------------------------------------------
<0.03x                            3.48     0.0     0.015     0.714      11   0.589    0.57   0.25   0.17   +0.03    28.4    30.5    0.0282    21.7
0.03-0.1x                         9.65     0.1    0.0322     0.513      28   0.822   0.774   0.23   0.21   +0.03    41.6    43.6     0.135    15.8
0.1-0.3x                         31.63     0.7    0.0758      0.32      51   0.948   0.901   0.25   0.23   +0.02    55.6    53.2     0.427    12.3
0.3-1x                           44.74     2.5     0.184     0.153      65   0.985   0.947   0.30   0.28   +0.01    73.3    68.6      1.41    10.2
1-1.8x                            7.02     0.9     0.397     0.076      76   0.998   0.984   0.32   0.31   +0.01    66.1    60.8      3.72    13.5
1.8-3.2x                          2.33     1.1      1.53    0.0951      75       1   0.998   0.33   0.31   +0.00    54.6    50.3      6.46    62.6
3.2-10x                           1.06    17.0      51.9     0.676      76       1       1   0.33   0.32   -0.00    47.6    44.4      15.5    97.5
10-32x                            0.07    51.3  2.39e+03       4.3      78    1.03    1.02   0.35   0.34   -0.00    45.7    44.2      93.3    99.7
>=32x                             0.01    26.3  9.01e+03      1.11      81    1.03    1.03   0.27   0.26   -0.01    21.3    16.8       427    99.0

## Bright, by channel with the largest observed/threshold
group                             pix%    SSE%       MSE    relSSE   orth%     EMr     pkR     wP     wR   shift   refM%   modM%       p50   top1%
--------------------------------------------------------------------------------------------------------------------------------------------------
94                                1.94    14.7      24.5     0.404      84   0.992   0.985   0.34   0.33   +0.00    79.6    79.9      6.17    97.3
131                               1.83    79.5       141      8.16      77    1.03   0.995   0.45   0.42   +0.02    85.7    79.1      5.89    99.6
171                               1.87     0.4       0.7     0.107      87   0.993   0.961   0.30   0.29   -0.00    85.1    82.5      4.07    47.0
193                               0.86     0.1       0.5     0.068      85   0.992   0.991   0.27   0.26   +0.00    53.0    42.5      3.09    41.9
211                               1.72     0.3     0.513    0.0246      85   0.998   0.996   0.27   0.26   -0.00    33.6    23.8      3.55    28.6
335                               2.27     1.6      2.28    0.0765      85       1    1.01   0.29   0.28   -0.00    31.5    27.8      7.08    68.6
quiet                            89.50     3.4     0.123     0.177      61   0.972   0.928   0.27   0.25   +0.02    61.8    59.0     0.676    12.7

## Bright, inclusive by trigger channel (overlapping)
group                             pix%    SSE%       MSE    relSSE   orth%     EMr     pkR     wP     wR   shift   refM%   modM%       p50   top1%
--------------------------------------------------------------------------------------------------------------------------------------------------
94                                5.05    16.6      10.6     0.227      82   0.996   0.993   0.33   0.32   +0.00    63.7    60.6      7.08    93.5
131                               5.03    81.3      52.4      1.13      77       1   0.995   0.38   0.36   +0.01    65.3    59.7      6.76    98.7
171                               5.00     3.2      2.06     0.048      67   0.996   0.987   0.33   0.32   +0.00    69.6    65.5      6.17    70.0
193                               5.00     3.2       2.1    0.0445      68   0.996   0.994   0.31   0.30   -0.00    52.9    47.5      5.89    70.2
211                               5.00     2.9      1.87    0.0386      65   0.996   0.996   0.30   0.29   -0.00    44.0    38.3      5.89    66.5
335                               5.01     4.4      2.82    0.0573      72   0.998   0.999   0.31   0.30   -0.00    41.8    37.1      7.41    73.6

## By number of trigger channels
group                             pix%    SSE%       MSE    relSSE   orth%     EMr     pkR     wP     wR   shift   refM%   modM%       p50   top1%
--------------------------------------------------------------------------------------------------------------------------------------------------
0                                89.50     3.4     0.123     0.177      61   0.972   0.928   0.27   0.25   +0.02    61.8    59.0     0.676    12.7
1                                 3.75    93.0      80.3      18.2      79    1.03       1   0.32   0.31   +0.01    69.2    64.4      3.55    99.6
2                                 1.86     0.3     0.509    0.0794      75   0.998   0.975   0.33   0.31   +0.01    64.4    58.8      3.89    31.0
3                                 1.28     0.3     0.864    0.0853      86   0.999   0.986   0.33   0.31   +0.00    61.9    57.9      4.68    51.7
4                                 0.98     0.2     0.785    0.0551      84   0.997   0.989   0.32   0.31   +0.00    58.7    54.6      5.37    39.0
5                                 0.91     0.3      1.22    0.0489      85   0.998   0.993   0.33   0.31   +0.00    56.6    51.4      6.46    52.3
6                                 1.72     2.4      4.49    0.0399      61   0.995   0.998   0.33   0.32   -0.01    45.4    40.6      11.7    74.4

## Top exact trigger patterns by SSE share
group                             pix%    SSE%       MSE    relSSE   orth%     EMr     pkR     wP     wR   shift   refM%   modM%       p50   top1%
--------------------------------------------------------------------------------------------------------------------------------------------------
131                               0.70    78.3       362       147      77    1.15    1.04   0.47   0.43   +0.04    85.3    77.2      4.47    99.9
94                                0.83    13.4      52.2      15.2      85   0.998   0.974   0.33   0.32   +0.01    88.8    89.4      4.07    99.3
94+131+171+193+211+335            1.72     2.4      4.49    0.0399      61   0.995   0.998   0.33   0.32   -0.01    45.4    40.6      11.7    74.4
335                               0.95     1.2      4.12     0.519      88    1.02    1.03   0.28   0.27   +0.00    42.5    39.5      5.13    85.2
94+131+171+193+335                0.09     0.2      5.24     0.447      95   0.998   0.988   0.41   0.39   +0.00    90.8    87.0      8.13    88.2
94+171+193                        0.08     0.1      4.42      1.01      96   0.988   0.967   0.30   0.29   +0.00    86.9    84.0      4.68    91.2
131+335                           0.06     0.1      3.81     0.425      73    1.01       1   0.42   0.40   -0.00    47.3    32.5      6.46    86.0
94+131+193+211+335                0.23     0.1      1.03    0.0179      72   0.994   0.999   0.33   0.31   -0.01    31.7    22.8      8.13    25.2
171                               0.66     0.1     0.281     0.138      74   0.986   0.937   0.28   0.27   -0.00    90.1    85.1      2.45    19.6
131+171                           0.48     0.1     0.379     0.142      75       1   0.922   0.42   0.38   +0.02    91.3    84.8      4.47     7.5
94+131+171+193+211                0.23     0.0     0.638    0.0583      86    1.01   0.994   0.37   0.34   +0.02    92.7    93.0      5.89    20.9
94+171+193+335                    0.03     0.0      4.83     0.545      94   0.987   0.973   0.29   0.28   -0.01    90.6    91.5      7.08    87.9

## By DEM shape (reference x model x Bright)
group                             pix%    SSE%       MSE    relSSE   orth%     EMr     pkR     wP     wR   shift   refM%   modM%       p50   top1%
--------------------------------------------------------------------------------------------------------------------------------------------------
ref uni / model uni / Quiet      26.82     0.8    0.0948      0.13      57   0.969   0.937   0.20   0.18   +0.02     0.0     0.0     0.339    15.4
ref uni / model uni / Bright      3.60     1.5      1.33    0.0288      63   0.997   0.998   0.28   0.27   -0.00     0.0     0.0       4.9    58.9
ref uni / model multi / Quiet     7.33     0.3     0.143     0.279      49   0.937    0.79   0.29   0.20   +0.07     0.0   100.0     0.776    13.2
ref uni / model multi / Bright    0.44    92.6       682        34      79    1.12    1.06   0.32   0.28   +0.04     0.0   100.0      7.76    99.9
ref multi / model uni / Quiet     9.90     0.4      0.14     0.241      70   0.985    1.01   0.26   0.28   -0.01   100.0     0.0      1.02    11.7
ref multi / model uni / Bright    0.95     1.1      3.62     0.121      59   0.997    1.01   0.31   0.31   -0.02   100.0     0.0      6.76    81.9
ref multi / model multi / Quie   45.45     1.8     0.132     0.182      63   0.975   0.925   0.31   0.29   +0.01   100.0   100.0     0.851    11.5
ref multi / model multi / Brig    5.51     1.5      0.86    0.0694      79   0.998   0.979   0.36   0.34   +0.01   100.0   100.0      4.68    48.0

## Regression-to-mean check, by reference peak height
group                             pix%    SSE%       MSE    relSSE   orth%     EMr     pkR     wP     wR   shift   refM%   modM%    gPkR    gEMr
------------------------------------------------------------------------------------------------------------------------------------------------
<=0                               0.32     0.1      0.65         -     100       -       -      -      -       -     0.0    23.9       -       -
<0.001                            0.07     0.1      3.75  2.23e+08      98     458     373   0.24   0.03   +0.59     1.4    18.7    1.71    3.89
0.001 to 0.0032                   0.12     0.0   0.00852  3.06e+04      99     100      94   0.16   0.02   +0.73     4.4    24.0    2.65    4.25
0.0032 to 0.01                    0.23     0.0    0.0675  2.75e+04      82    33.7    32.3   0.16   0.05   +0.65    12.9    26.6    1.48    2.17
0.01 to 0.032                     0.39     0.0    0.0167       544      92    9.72    9.38   0.22   0.10   +0.37    25.0    36.4    1.03     1.4
0.032 to 0.1                      1.33     0.9      2.28  6.91e+03      92     3.7    3.57   0.22   0.15   +0.20    35.0    45.5       1    1.22
0.1 to 0.32                       4.75     2.5      1.68       450      86    1.61    1.61   0.21   0.18   +0.05    43.8    45.4    0.87   0.957
0.32 to 1                        17.19     7.3      1.38      29.4      85    1.07    1.09   0.25   0.23   +0.02    55.4    53.0   0.882    0.91
1 to 3.2                         45.25     5.6     0.402     0.944      82   0.988   0.951   0.29   0.27   +0.01    69.7    65.2   0.891   0.945
3.2 to 10                        27.01    77.9      9.34      3.25      77    0.97   0.918   0.30   0.28   -0.00    62.1    58.8    0.88   0.945
10 to 32                          3.10     3.6      3.81     0.134      73   0.992   0.974   0.30   0.28   -0.00    39.5    35.4   0.961   0.986
32 to 1e+02                       0.23     0.3       4.1    0.0131      78   0.989   0.994   0.32   0.31   -0.01    30.0    24.5   0.993   0.991
1e+02 to 3.2e+02                  0.01     0.2      64.5    0.0145      54   0.979   0.978   0.28   0.26   -0.01    20.9    15.3   0.972   0.977
3.2e+02 to 1e+03                  0.00     1.1  6.38e+03     0.128      48    1.05    1.08   0.30   0.30   +0.01    28.0    15.1    1.03    1.02
1e+03 to 3.2e+03                  0.00     0.5  3.91e+04     0.138      61    1.02    1.05   0.30   0.32   +0.03    45.7     1.8    1.02   0.984

## Worst per-pixel SSE tail (bin-edge approximate)
group                             pix%    SSE%       MSE    relSSE   orth%     EMr     pkR     wP     wR   shift   refM%   modM%  bright%
-----------------------------------------------------------------------------------------------------------------------------------------
worst_0.1pct_approx               0.10    95.0  3.02e+03       2.9      78    1.07    1.08   0.31   0.31   +0.02    46.6    37.4     98.3
worst_1pct_approx                 2.72    96.3       115      1.73      78   0.986   0.967   0.32   0.31   -0.01    60.2    56.8     59.0
remainder                        97.28     3.7     0.122    0.0776      67   0.985   0.948   0.28   0.26   +0.01    61.9    58.8      9.1
  worst_0.1pct_approx: pixel SSE >= 100; dominant channel of Bright part: 94:39%, 131:13%, 171:2%, 193:0%, 211:6%, 335:39%
  worst_1pct_approx: pixel SSE >= 17.8; dominant channel of Bright part: 94:24%, 131:18%, 171:11%, 193:3%, 211:11%, 335:33%

## Solver scatter (repeated AIA inputs)
groups by number of targets: {'1': 17445, '2': 10338, '3': 3028, '4': 415, '5': 19}; evicted: 29946

## Solver scatter, population
group                             pix%   modelMSE  scatterMSE    biasMSE  scatter%  biasOrth%     check
-------------------------------------------------------------------------------------------------------
full                            100.00       3.74      0.0784       3.66       2.1         78   5.0e-16
bright                           10.61       34.2       0.233         34       0.7         79   5.2e-16
quiet                            89.39      0.124      0.0601     0.0638      48.5         69   2.0e-16

## Solver scatter, by intensity over threshold
group                             pix%   modelMSE  scatterMSE    biasMSE  scatter%  biasOrth%     check
-------------------------------------------------------------------------------------------------------
<0.03x                            3.46     0.0151     0.00749    0.00764      49.5         18   0.0e+00
0.03-0.1x                         9.60     0.0325      0.0162     0.0162      50.0         41   5.1e-16
0.1-0.3x                         31.53     0.0764      0.0379     0.0385      49.6         62   6.8e-16
0.3-1x                           44.80      0.185      0.0891     0.0961      48.1         72   7.1e-16
1-1.8x                            7.08      0.402       0.169      0.234      41.9         79   1.3e-16
1.8-3.2x                          2.36       1.61       0.262       1.35      16.3         76   6.8e-16
3.2-10x                           1.09       55.7       0.496       55.2       0.9         76   1.9e-16
10-32x                            0.07   2.52e+03         1.3   2.52e+03       0.1         78   6.5e-16
>=32x                             0.01    1.2e+04        2.32    1.2e+04       0.0         81   2.0e-16

Signed DEM error by logT bin (pred - ref, mean per pixel):
  bright +0.16 +0.09 -0.00 -0.24 +0.11 +0.07 +0.03 -0.04 -0.00 +0.08 -0.02 -0.13 -0.15 -0.07 -0.03 +0.05 +0.12 +0.05
  quiet  +0.00 +0.00 -0.00 -0.04 +0.01 +0.02 +0.00 -0.01 +0.00 +0.01 -0.02 -0.04 -0.06 -0.06 -0.03 +0.00 +0.03 +0.02
  logT    5.50  5.60  5.70  5.80  5.90  6.00  6.10  6.20  6.30  6.40  6.50  6.60  6.70  6.80  6.90  7.00  7.10  7.20
