# Bright-failure diagnostic: ENET track, label-free model
model /home/hsr3649/projects/dem/output/experiments/resample/scaled_mlp6_enet_resample.pt
blocks 48,960   valid pixel-targets 802,160,640

Columns: pix% share of pixels | SSE% share of total DEM squared error | MSE per bin |
relSSE error energy / reference energy | orth% of SSE orthogonal to the reference curve
(temperature placement) vs along it (scale) | EMr, pkR aggregate predicted/reference emission
and peak height | wP, wR EM-weighted logT width (dex) | shift mean logT pred-ref (dex) |
refM%, modM% multi-peaked | p50 median per-pixel SSE | top1% SSE share of the worst 1%

## Population
group                             pix%    SSE%       MSE    relSSE   orth%     EMr     pkR     wP     wR   shift   refM%   modM%       p50   top1%
--------------------------------------------------------------------------------------------------------------------------------------------------
full                            100.00   100.0      36.2      10.9      85   0.992   0.955   0.27   0.26   +0.01    61.8    58.9     0.813    99.6
bright                           10.50    99.7       344      13.3      85    1.02   0.998   0.32   0.31   +0.01    61.5    57.0      4.68    99.9
quiet                            89.50     0.3     0.123     0.177      62   0.971   0.934   0.27   0.25   +0.01    61.8    59.2     0.617    13.6

## By intensity (max over channels of observed/threshold)
group                             pix%    SSE%       MSE    relSSE   orth%     EMr     pkR     wP     wR   shift   refM%   modM%       p50   top1%
--------------------------------------------------------------------------------------------------------------------------------------------------
<0.03x                            3.48     0.0     0.015     0.714      10   0.554   0.553   0.25   0.17   +0.01    28.4    32.4    0.0269    21.8
0.03-0.1x                         9.65     0.0    0.0325     0.517      28   0.814   0.782   0.23   0.21   +0.02    41.6    42.7     0.135    15.8
0.1-0.3x                         31.63     0.1     0.076      0.32      52   0.946   0.909   0.24   0.23   +0.01    55.6    53.2     0.407    12.4
0.3-1x                           44.74     0.2     0.183     0.152      66   0.984   0.953   0.30   0.28   +0.01    73.3    69.0      1.35    11.5
1-1.8x                            7.02     0.4      1.83     0.349      76       1   0.986   0.32   0.31   +0.01    66.1    61.5      3.39    81.8
1.8-3.2x                          2.33     1.6      24.2      1.51      81    1.01   0.998   0.32   0.31   +0.00    54.6    50.6      5.89    97.8
3.2-10x                           1.06    20.2       689      8.96      84    1.02       1   0.33   0.32   +0.00    47.6    43.5      13.5    99.8
10-32x                            0.07    51.2  2.67e+04        48      84    1.15    1.08   0.35   0.34   +0.01    45.7    41.1      61.7   100.0
>=32x                             0.01    26.4  1.01e+05      12.4      88    1.15    1.08   0.27   0.26   -0.01    21.3    14.6       257    99.9

## Bright, by channel with the largest observed/threshold
group                             pix%    SSE%       MSE    relSSE   orth%     EMr     pkR     wP     wR   shift   refM%   modM%       p50   top1%
--------------------------------------------------------------------------------------------------------------------------------------------------
94                                1.94    16.4       307      5.05      90    1.01   0.987   0.33   0.33   +0.01    79.6    78.0      5.62    99.8
131                               1.83    82.9  1.64e+03      95.1      84    1.13    1.03   0.45   0.42   +0.03    85.7    80.0      5.37   100.0
171                               1.87     0.0     0.406     0.062      80   0.995   0.962   0.30   0.29   -0.00    85.1    82.0      3.72    13.1
193                               0.86     0.1      5.44      0.74      95   0.991   0.992   0.27   0.26   -0.00    53.0    44.7      2.82    94.9
211                               1.72     0.0     0.488    0.0234      86   0.997   0.996   0.27   0.26   -0.00    33.6    25.5      3.09    29.8
335                               2.27     0.2      3.26      0.11      88    1.01    1.01   0.29   0.28   -0.00    31.5    28.8      6.46    79.6
quiet                            89.50     0.3     0.123     0.177      62   0.971   0.934   0.27   0.25   +0.01    61.8    59.2     0.617    13.6

## Bright, inclusive by trigger channel (overlapping)
group                             pix%    SSE%       MSE    relSSE   orth%     EMr     pkR     wP     wR   shift   refM%   modM%       p50   top1%
--------------------------------------------------------------------------------------------------------------------------------------------------
94                                5.05    16.6       119      2.54      90       1   0.991   0.33   0.32   +0.01    63.7    60.1      6.46    99.5
131                               5.03    83.0       599      12.9      84    1.03       1   0.37   0.36   +0.01    65.3    59.9      6.17    99.9
171                               5.00     0.3      2.04    0.0475      60       1   0.986   0.33   0.32   +0.00    69.6    65.5      5.62    72.4
193                               5.00     0.4      2.94    0.0623      71       1   0.993   0.30   0.30   +0.00    52.9    48.0      5.37    80.6
211                               5.00     0.3      2.04    0.0421      60       1   0.994   0.30   0.29   +0.00    44.0    38.7      5.13    72.3
335                               5.01     0.5      3.58    0.0728      72       1   0.998   0.30   0.30   -0.00    41.8    37.3      6.76    81.0

## By number of trigger channels
group                             pix%    SSE%       MSE    relSSE   orth%     EMr     pkR     wP     wR   shift   refM%   modM%       p50   top1%
--------------------------------------------------------------------------------------------------------------------------------------------------
0                                89.50     0.3     0.123     0.177      62   0.971   0.934   0.27   0.25   +0.01    61.8    59.2     0.617    13.6
1                                 3.75    99.3       960       217      85    1.11    1.03   0.32   0.31   +0.01    69.2    65.0      3.24   100.0
2                                 1.86     0.1      1.22      0.19      79   0.999   0.976   0.32   0.31   +0.01    64.4    59.7      3.55    72.6
3                                 1.28     0.0     0.551    0.0544      81       1   0.985   0.32   0.31   +0.00    61.9    58.3      4.27    27.9
4                                 0.98     0.0      0.53    0.0372      79   0.999   0.988   0.32   0.31   +0.00    58.7    55.0       4.9    14.9
5                                 0.91     0.0     0.708    0.0284      78       1   0.993   0.32   0.31   +0.00    56.6    52.0      5.89    23.4
6                                 1.72     0.2      5.03    0.0447      56       1   0.995   0.32   0.32   +0.00    45.4    39.9      10.2    80.2

## Top exact trigger patterns by SSE share
group                             pix%    SSE%       MSE    relSSE   orth%     EMr     pkR     wP     wR   shift   refM%   modM%       p50   top1%
--------------------------------------------------------------------------------------------------------------------------------------------------
131                               0.70    82.7  4.28e+03  1.74e+03      84     1.6     1.2   0.47   0.43   +0.04    85.3    78.2      4.07   100.0
94                                0.83    16.3       710       206      91    1.04    0.98   0.32   0.32   +0.01    88.8    88.7      3.89    99.9
94+131+171+193+211+335            1.72     0.2      5.03    0.0447      56       1   0.995   0.32   0.32   +0.00    45.4    39.9      10.2    80.2
335                               0.95     0.2      6.62     0.833      90    1.02    1.04   0.27   0.27   +0.00    42.5    40.6       4.9    90.9
193                               0.21     0.1      20.7      6.15      96   0.998    0.99   0.25   0.24   -0.00    56.9    47.2      1.95    99.1
131+335                           0.06     0.0      25.3      2.82      80    1.01       1   0.41   0.40   -0.00    47.3    33.6      6.17    98.0
94+131+193+211+335                0.23     0.0     0.898    0.0155      74   0.998   0.998   0.32   0.31   -0.00    31.7    23.4      7.76    22.7
131+171                           0.48     0.0     0.357     0.133      76       1   0.932   0.41   0.38   +0.02    91.3    85.0      3.89     7.9
171                               0.66     0.0     0.258     0.127      75   0.983   0.944   0.28   0.27   -0.01    90.1    85.1      2.24    15.6
94+131+171+193+211                0.23     0.0     0.551    0.0503      85    1.01   0.989   0.36   0.34   +0.02    92.7    92.8      5.13    16.4
94+131+171                        0.21     0.0     0.532     0.109      76    1.01   0.962   0.47   0.45   +0.02    98.2    98.0      6.17     7.1
211+335                           0.25     0.0     0.437    0.0371      78   0.998   0.987   0.27   0.26   -0.01    11.5     7.3      4.27    11.7

## By DEM shape (reference x model x Bright)
group                             pix%    SSE%       MSE    relSSE   orth%     EMr     pkR     wP     wR   shift   refM%   modM%       p50   top1%
--------------------------------------------------------------------------------------------------------------------------------------------------
ref uni / model uni / Quiet      26.99     0.1    0.0934     0.129      57   0.969   0.943   0.20   0.18   +0.01     0.0     0.0     0.295    15.5
ref uni / model uni / Bright      3.60     0.1       1.4    0.0299      58       1   0.997   0.28   0.27   +0.00     0.0     0.0      4.47    64.3
ref uni / model multi / Quiet     7.17     0.0     0.162     0.307      53   0.934   0.797   0.29   0.20   +0.06     0.0   100.0     0.813    20.8
ref uni / model multi / Bright    0.44    99.2  8.18e+03       557      85    1.51    1.19   0.31   0.28   +0.04     0.0   100.0      7.41   100.0
ref multi / model uni / Quiet     9.56     0.0     0.144     0.249      70   0.983    1.02   0.25   0.28   -0.03   100.0     0.0      1.02    11.7
ref multi / model uni / Bright    0.91     0.1      4.54     0.138      54   0.999    1.01   0.31   0.31   -0.02   100.0     0.0      6.76    85.6
ref multi / model multi / Quie   45.79     0.2     0.129     0.178      63   0.973   0.931   0.31   0.29   +0.01   100.0   100.0     0.776    11.7
ref multi / model multi / Brig    5.55     0.3      1.84     0.153      87       1    0.98   0.35   0.34   +0.01   100.0   100.0      4.07    77.3

## Regression-to-mean check, by reference peak height
group                             pix%    SSE%       MSE    relSSE   orth%     EMr     pkR     wP     wR   shift   refM%   modM%    gPkR    gEMr
------------------------------------------------------------------------------------------------------------------------------------------------
<=0                               0.32     0.0     0.766         -     100       -       -      -      -       -     0.0    24.0       -       -
<0.001                            0.07     0.0      10.1  5.98e+08      98     549     418   0.24   0.03   +0.57     1.4    26.2    1.89     4.4
0.001 to 0.0032                   0.12     0.0      0.57  2.05e+06     100     116     105   0.17   0.02   +0.71     4.4    30.8    3.17    5.01
0.0032 to 0.01                    0.23     0.0      3.11  1.27e+06      82    38.8    35.7   0.17   0.05   +0.63    12.9    30.4    1.74    2.51
0.01 to 0.032                     0.39     0.0      1.19  3.86e+04      90    10.4    9.97   0.22   0.10   +0.34    25.0    37.5    1.13    1.46
0.032 to 0.1                      1.33     1.2      31.9  9.66e+04      92    3.95    3.74   0.21   0.15   +0.18    35.0    40.9    1.09    1.26
0.1 to 0.32                       4.75     2.6        20  5.37e+03      91    1.63    1.64   0.20   0.18   +0.04    43.8    43.8    0.92    0.98
0.32 to 1                        17.19     8.0      16.9       360      90    1.08     1.1   0.24   0.23   +0.01    55.4    52.8   0.897   0.911
1 to 3.2                         45.25     4.8      3.87      9.09      90   0.987   0.958   0.28   0.27   +0.00    69.7    65.7   0.897   0.942
3.2 to 10                        27.01    77.1       103        36      84   0.981   0.924   0.29   0.28   -0.01    62.1    59.3   0.884   0.945
10 to 32                          3.10     6.0      69.9      2.45      80   0.998   0.975   0.29   0.28   -0.00    39.5    35.6   0.961   0.987
32 to 1e+02                       0.23     0.0      3.05   0.00977      79   0.998   0.992   0.31   0.31   -0.00    30.0    24.2   0.991   0.999
1e+02 to 3.2e+02                  0.01     0.0      50.5    0.0113      55   0.992   0.979   0.27   0.26   -0.01    20.9    14.4   0.974    0.99
3.2e+02 to 1e+03                  0.00     0.1  7.87e+03     0.157      43    1.08    1.11   0.29   0.30   +0.01    28.0    10.5    1.06    1.05
1e+03 to 3.2e+03                  0.00     0.1  5.19e+04     0.184      58    1.11    1.16   0.30   0.32   +0.03    45.7     2.4    1.12    1.07

## Worst per-pixel SSE tail (bin-edge approximate)
group                             pix%    SSE%       MSE    relSSE   orth%     EMr     pkR     wP     wR   shift   refM%   modM%  bright%
-----------------------------------------------------------------------------------------------------------------------------------------
worst_0.1pct_approx               0.24    99.6  1.48e+04      31.9      85    1.22    1.14   0.31   0.31   +0.02    51.8    42.6     90.7
worst_1pct_approx                 2.63    99.7  1.37e+03      21.3      85    1.04   0.981   0.32   0.31   -0.01    60.4    56.9     57.5
remainder                        97.37     0.3      0.12    0.0713      67   0.984   0.953   0.27   0.26   +0.01    61.8    59.0      9.2
  worst_0.1pct_approx: pixel SSE >= 56.2; dominant channel of Bright part: 94:29%, 131:17%, 171:5%, 193:1%, 211:7%, 335:42%
  worst_1pct_approx: pixel SSE >= 17.8; dominant channel of Bright part: 94:23%, 131:18%, 171:11%, 193:4%, 211:11%, 335:33%

## Solver scatter (repeated AIA inputs)
groups by number of targets: {'1': 17445, '2': 10338, '3': 3028, '4': 415, '5': 19}; evicted: 29946

## Solver scatter, population
group                             pix%   modelMSE  scatterMSE    biasMSE  scatter%  biasOrth%     check
-------------------------------------------------------------------------------------------------------
full                            100.00       42.3      0.0784       42.2       0.2         85   7.1e-16
bright                           10.61        397       0.233        397       0.1         85   7.1e-16
quiet                            89.39      0.124      0.0601     0.0637      48.5         70   2.6e-16

## Solver scatter, by intensity over threshold
group                             pix%   modelMSE  scatterMSE    biasMSE  scatter%  biasOrth%     check
-------------------------------------------------------------------------------------------------------
<0.03x                            3.46     0.0151     0.00749    0.00765      49.5         17   6.6e-16
0.03-0.1x                         9.60     0.0327      0.0162     0.0165      49.6         42   6.6e-16
0.1-0.3x                         31.53     0.0766      0.0379     0.0387      49.5         63   1.3e-15
0.3-1x                           44.80      0.185      0.0891     0.0957      48.2         73   8.0e-16
1-1.8x                            7.08       1.81       0.169       1.64       9.3         77   1.4e-15
1.8-3.2x                          2.36       22.6       0.262       22.3       1.2         81   3.3e-16
3.2-10x                           1.09        724       0.496        723       0.1         84   4.8e-16
10-32x                            0.07   2.85e+04         1.3   2.85e+04       0.0         84   3.7e-16
>=32x                             0.01   1.39e+05        2.32   1.39e+05       0.0         89   0.0e+00

Signed DEM error by logT bin (pred - ref, mean per pixel):
  bright +0.09 +0.06 +0.03 -0.11 +0.06 +0.08 +0.06 -0.01 +0.06 +0.06 +0.07 +0.03 -0.04 -0.08 -0.02 +0.10 +0.17 +0.09
  quiet  +0.01 +0.00 -0.01 -0.02 +0.00 +0.02 +0.00 -0.01 +0.01 -0.00 -0.02 -0.03 -0.05 -0.06 -0.03 -0.00 +0.03 +0.02
  logT    5.50  5.60  5.70  5.80  5.90  6.00  6.10  6.20  6.30  6.40  6.50  6.60  6.70  6.80  6.90  7.00  7.10  7.20
