# Bright-failure diagnostic: ENET track, label-free model
model /home/hsr3649/projects/dem/output/experiments/resample/scaled_mlp6_enet_h160_resample.pt
blocks 48,960   valid pixel-targets 802,160,640

Columns: pix% share of pixels | SSE% share of total DEM squared error | MSE per bin |
relSSE error energy / reference energy | orth% of SSE orthogonal to the reference curve
(temperature placement) vs along it (scale) | EMr, pkR aggregate predicted/reference emission
and peak height | wP, wR EM-weighted logT width (dex) | shift mean logT pred-ref (dex) |
refM%, modM% multi-peaked | p50 median per-pixel SSE | top1% SSE share of the worst 1%

## Population
group                             pix%    SSE%       MSE    relSSE   orth%     EMr     pkR     wP     wR   shift   refM%   modM%       p50   top1%
--------------------------------------------------------------------------------------------------------------------------------------------------
full                            100.00   100.0     0.643     0.193      52   0.969   0.906   0.30   0.26   +0.02    61.8    54.0      1.55    65.1
bright                           10.50    75.1       4.6     0.178      51   0.982    0.97   0.34   0.31   +0.01    61.5    50.5      10.7    77.1
quiet                            89.50    24.9     0.179     0.258      56   0.959   0.873   0.29   0.25   +0.02    61.8    54.4      1.23    11.6

## By intensity (max over channels of observed/threshold)
group                             pix%    SSE%       MSE    relSSE   orth%     EMr     pkR     wP     wR   shift   refM%   modM%       p50   top1%
--------------------------------------------------------------------------------------------------------------------------------------------------
<0.03x                            3.48     0.1     0.015     0.714      11   0.616   0.517   0.29   0.17   +0.01    28.4    52.7    0.0389    21.1
0.03-0.1x                         9.65     0.5    0.0342     0.544      29   0.819   0.741   0.25   0.21   +0.02    41.6    43.5      0.17    14.7
0.1-0.3x                         31.63     4.6    0.0944     0.398      47   0.921    0.84   0.27   0.23   +0.01    55.6    47.6     0.676    11.3
0.3-1x                           44.74    19.6     0.282     0.234      60   0.975   0.894   0.32   0.28   +0.02    73.3    61.7      2.82     8.9
1-1.8x                            7.02     7.6     0.698     0.133      70   0.992   0.955   0.34   0.31   +0.01    66.1    54.3      8.13     7.6
1.8-3.2x                          2.33     4.5      1.25     0.078      77   0.996   0.996   0.34   0.31   +0.00    54.6    44.3      14.1     8.5
3.2-10x                           1.06     7.4      4.49    0.0584      76   0.988       1   0.34   0.32   -0.01    47.6    38.0      33.9    14.8
10-32x                            0.07    11.8       109     0.196      56   0.903   0.913   0.38   0.34   -0.02    45.7    61.0       977     6.9
>=32x                             0.01    43.7  2.97e+03     0.365      39   0.741   0.706   0.35   0.26   -0.04    21.3    94.0  2.24e+04    26.5

## Bright, by channel with the largest observed/threshold
group                             pix%    SSE%       MSE    relSSE   orth%     EMr     pkR     wP     wR   shift   refM%   modM%       p50   top1%
--------------------------------------------------------------------------------------------------------------------------------------------------
94                                1.94    57.1      18.9     0.311      45   0.872   0.875   0.34   0.33   -0.06    79.6    61.7      18.6    79.4
131                               1.83     8.7      3.04     0.176      57    1.06   0.997   0.50   0.42   +0.10    85.7    81.8      15.5    60.8
171                               1.87     2.0     0.674     0.103      73   0.988   0.919   0.32   0.29   -0.00    85.1    77.9      7.08    10.6
193                               0.86     0.6     0.477    0.0649      83    1.01   0.957   0.30   0.26   +0.02    53.0    30.2      5.37    10.5
211                               1.72     2.1     0.768    0.0368      87    1.01   0.988   0.29   0.26   +0.00    33.6    18.4      6.46    23.1
335                               2.27     4.7      1.34    0.0452      81       1    1.03   0.30   0.28   +0.00    31.5    25.2      11.2    18.5
quiet                            89.50    24.9     0.179     0.258      56   0.959   0.873   0.29   0.25   +0.02    61.8    54.4      1.23    11.6

## Bright, inclusive by trigger channel (overlapping)
group                             pix%    SSE%       MSE    relSSE   orth%     EMr     pkR     wP     wR   shift   refM%   modM%       p50   top1%
--------------------------------------------------------------------------------------------------------------------------------------------------
94                                5.05    69.5      8.84     0.189      49    0.96   0.968   0.34   0.32   -0.03    63.7    49.6      15.5    79.4
131                               5.03    68.4      8.75     0.189      49   0.989   0.981   0.40   0.36   +0.03    65.3    58.0      14.8    80.4
171                               5.00    61.5       7.9     0.184      49   0.981   0.971   0.35   0.32   +0.01    69.6    60.1      12.3    82.3
193                               5.00    65.0      8.36     0.177      49   0.979   0.981   0.32   0.30   -0.00    52.9    39.1      11.2    82.9
211                               5.00    65.3      8.39     0.173      49   0.979   0.989   0.31   0.29   -0.00    44.0    30.5      10.7    82.6
335                               5.01    67.7      8.68     0.176      49   0.979   0.994   0.32   0.30   -0.00    41.8    33.3      12.9    81.2

## By number of trigger channels
group                             pix%    SSE%       MSE    relSSE   orth%     EMr     pkR     wP     wR   shift   refM%   modM%       p50   top1%
--------------------------------------------------------------------------------------------------------------------------------------------------
0                                89.50    24.9     0.179     0.258      56   0.959   0.873   0.29   0.25   +0.02    61.8    54.4      1.23    11.6
1                                 3.75     4.7     0.806     0.183      63   0.986   0.938   0.34   0.31   +0.02    69.2    58.8      8.13    12.4
2                                 1.86     2.6     0.889     0.139      70       1    0.96   0.35   0.31   +0.02    64.4    53.0      8.51    18.9
3                                 1.28     2.9      1.48     0.146      62   0.989   0.963   0.34   0.31   +0.00    61.9    49.1      9.77    42.8
4                                 0.98     2.6      1.68     0.118      65   0.991   0.982   0.34   0.31   +0.00    58.7    49.0      10.7    42.2
5                                 0.91     5.7      4.02     0.161      52   0.982   0.981   0.34   0.31   -0.00    56.6    46.6      12.9    68.8
6                                 1.72    56.7      21.2     0.188      47    0.97   0.992   0.34   0.32   -0.01    45.4    33.7      21.4    81.4

## Top exact trigger patterns by SSE share
group                             pix%    SSE%       MSE    relSSE   orth%     EMr     pkR     wP     wR   shift   refM%   modM%       p50   top1%
--------------------------------------------------------------------------------------------------------------------------------------------------
94+131+171+193+211+335            1.72    56.7      21.2     0.188      47    0.97   0.992   0.34   0.32   -0.01    45.4    33.7      21.4    81.4
94+131+193+211+335                0.23     4.2      11.8     0.204      46   0.957   0.993   0.35   0.31   -0.02    31.7    20.1      15.5    69.0
94                                0.83     1.8      1.41     0.409      43   0.833   0.741   0.33   0.32   -0.08    88.8    71.4      15.5    13.5
335                               0.95     1.2     0.801     0.101      70    1.01    1.01   0.28   0.27   +0.01    42.5    36.2      7.76    11.8
94+131+335                        0.03     1.2        24     0.354      45   0.905   0.899   0.37   0.33   +0.01    36.5    31.6      30.9    25.0
131                               0.70     1.0     0.934     0.379      83    1.13    1.02   0.52   0.43   +0.15    85.3    83.6      12.9     6.1
94+131+211+335                    0.06     0.8      8.48     0.161      55   0.963    1.03   0.34   0.31   -0.01    31.7    21.1      28.2    37.8
131+171                           0.48     0.7     0.891     0.332      81    1.09   0.938   0.48   0.38   +0.09    91.3    87.5      11.7     6.4
94+131+171+193+211                0.23     0.5      1.33     0.122      74       1   0.944   0.38   0.34   +0.01    92.7    81.5      12.3    16.8
94+131+171                        0.21     0.4      1.37     0.281      64    0.98    0.86   0.49   0.45   -0.00    98.2    97.5      17.8     8.1
94+335                            0.11     0.4       2.4     0.163      66   0.965    1.07   0.27   0.26   -0.02    32.4    27.1        17    19.5
171                               0.66     0.4     0.364     0.179      67   0.986   0.874   0.30   0.27   +0.00    90.1    80.6      4.47     6.8

## By DEM shape (reference x model x Bright)
group                             pix%    SSE%       MSE    relSSE   orth%     EMr     pkR     wP     wR   shift   refM%   modM%       p50   top1%
--------------------------------------------------------------------------------------------------------------------------------------------------
ref uni / model uni / Quiet      25.38     5.1     0.129     0.166      54   0.955   0.903   0.23   0.19   +0.02     0.0     0.0     0.617    13.9
ref uni / model uni / Bright      3.58    11.3      2.03    0.0686      66   0.993    1.01   0.29   0.27   +0.00     0.0     0.0      8.13    51.7
ref uni / model multi / Quiet     8.77     2.1     0.151     0.363      37   0.867   0.658   0.30   0.17   +0.02     0.0   100.0     0.513    15.4
ref uni / model multi / Bright    0.46    37.8      53.3     0.354      42   0.898   0.889   0.36   0.30   +0.05     0.0   100.0      11.2    74.6
ref multi / model uni / Quiet    15.43     4.7     0.195     0.312      62   0.952   0.929   0.28   0.28   -0.01   100.0     0.0      1.55    10.8
ref multi / model uni / Bright    1.61     4.2      1.67     0.104      69   0.967   0.975   0.31   0.30   -0.03   100.0     0.0      11.7    33.2
ref multi / model multi / Quie   39.92    13.0      0.21     0.289      58   0.975   0.864   0.34   0.30   +0.03   100.0   100.0       1.7    10.2
ref multi / model multi / Brig    4.84    21.8      2.89     0.198      55    0.99   0.933   0.39   0.35   +0.02   100.0   100.0      11.7    64.2

## Regression-to-mean check, by reference peak height
group                             pix%    SSE%       MSE    relSSE   orth%     EMr     pkR     wP     wR   shift   refM%   modM%    gPkR    gEMr
------------------------------------------------------------------------------------------------------------------------------------------------
<=0                               0.32     0.0   0.00291         -     100       -       -      -      -       -     0.0    57.0       -       -
<0.001                            0.07     0.0   0.00793  4.71e+05      98     170     148   0.31   0.03   +0.50     1.4    47.4   0.333   0.926
0.001 to 0.0032                   0.12     0.0   0.00168  6.05e+03      98    44.9    38.4   0.26   0.02   +0.61     4.4    62.6   0.328   0.671
0.0032 to 0.01                    0.23     0.0   0.00186       757      96    16.3    14.3   0.26   0.05   +0.53    12.9    65.3   0.201   0.371
0.01 to 0.032                     0.39     0.0     0.003      97.5      92    6.51    5.71   0.29   0.10   +0.30    25.0    66.7   0.277   0.439
0.032 to 0.1                      1.33     0.0   0.00724      21.9      86    2.86    2.56   0.28   0.15   +0.15    35.0    63.8    0.42   0.573
0.1 to 0.32                       4.75     0.1     0.011      2.96      84    1.39    1.25   0.25   0.18   +0.01    43.8    55.3   0.459   0.563
0.32 to 1                        17.19     1.0    0.0377     0.804      73    1.04   0.984   0.27   0.23   +0.01    55.4    50.5   0.683   0.747
1 to 3.2                         45.25    11.6     0.165     0.387      65   0.983     0.9   0.31   0.27   +0.02    69.7    57.8   0.813   0.907
3.2 to 10                        27.01    21.1     0.501     0.174      58   0.953   0.876   0.31   0.28   +0.00    62.1    51.8   0.815   0.917
10 to 32                          3.10     8.8      1.83    0.0643      72   0.984   0.969   0.31   0.28   -0.00    39.5    29.2   0.946   0.978
32 to 1e+02                       0.23    14.8      42.1     0.135      58   0.951   0.962   0.33   0.31   -0.01    30.0    26.7   0.957   0.967
1e+02 to 3.2e+02                  0.01    22.2  1.67e+03     0.376      44   0.769   0.721   0.34   0.26   -0.03    20.9    88.0   0.705   0.768
3.2e+02 to 1e+03                  0.00    13.5  1.61e+04     0.323      39   0.695   0.735   0.38   0.30   -0.02    28.0    90.8   0.728   0.706
1e+03 to 3.2e+03                  0.00     6.8  1.04e+05     0.368      20   0.539   0.571   0.38   0.32   -0.03    45.7    78.2   0.562   0.528

## Worst per-pixel SSE tail (bin-edge approximate)
group                             pix%    SSE%       MSE    relSSE   orth%     EMr     pkR     wP     wR   shift   refM%   modM%  bright%
-----------------------------------------------------------------------------------------------------------------------------------------
worst_0.1pct_approx               0.11    58.1       334     0.313      43    0.84   0.848   0.34   0.30   -0.04    36.3    52.1    100.0
worst_1pct_approx                 2.21    69.2      20.1     0.239      47   0.922    0.91   0.35   0.32   -0.03    66.9    56.2     76.3
remainder                        97.79    30.8     0.202     0.135      64   0.978   0.905   0.30   0.26   +0.02    61.7    53.9      9.0
  worst_0.1pct_approx: pixel SSE >= 316; dominant channel of Bright part: 94:80%, 131:7%, 171:0%, 193:0%, 211:2%, 335:10%
  worst_1pct_approx: pixel SSE >= 31.6; dominant channel of Bright part: 94:38%, 131:21%, 171:8%, 193:1%, 211:8%, 335:24%

## Solver scatter (repeated AIA inputs)
groups by number of targets: {'1': 17445, '2': 10338, '3': 3028, '4': 415, '5': 19}; evicted: 29946

## Solver scatter, population
group                             pix%   modelMSE  scatterMSE    biasMSE  scatter%  biasOrth%     check
-------------------------------------------------------------------------------------------------------
full                            100.00      0.644      0.0784      0.566      12.2         55   0.0e+00
bright                           10.61       4.55       0.233       4.32       5.1         53   1.2e-16
quiet                            89.39       0.18      0.0601       0.12      33.4         63   4.6e-16

## Solver scatter, by intensity over threshold
group                             pix%   modelMSE  scatterMSE    biasMSE  scatter%  biasOrth%     check
-------------------------------------------------------------------------------------------------------
<0.03x                            3.46     0.0151     0.00749    0.00764      49.5         19   4.4e-16
0.03-0.1x                         9.60     0.0344      0.0162     0.0182      47.1         41   4.8e-16
0.1-0.3x                         31.53     0.0949      0.0379      0.057      39.9         56   6.1e-16
0.3-1x                           44.80      0.283      0.0891      0.194      31.5         65   2.3e-16
1-1.8x                            7.08        0.7       0.169      0.531      24.1         73   3.0e-16
1.8-3.2x                          2.36       1.26       0.262          1      20.7         78   3.7e-16
3.2-10x                           1.09       4.48       0.496       3.98      11.1         77   0.0e+00
10-32x                            0.07        109         1.3        108       1.2         56   1.9e-16
>=32x                             0.01   2.88e+03        2.32   2.88e+03       0.1         43   2.1e-16

Signed DEM error by logT bin (pred - ref, mean per pixel):
  bright +0.25 +0.31 -0.27 -0.35 +0.06 +0.28 +0.09 -0.15 -0.05 +0.24 +0.15 +0.04 -0.53 -0.91 -0.75 -0.01 +0.58 +0.42
  quiet  -0.01 +0.04 -0.05 -0.07 +0.01 +0.06 -0.00 -0.01 +0.01 +0.00 +0.01 +0.03 -0.12 -0.22 -0.17 +0.01 +0.11 +0.14
  logT    5.50  5.60  5.70  5.80  5.90  6.00  6.10  6.20  6.30  6.40  6.50  6.60  6.70  6.80  6.90  7.00  7.10  7.20
