# Bright-failure diagnostic: ENET track, label-free model
model /home/hsr3649/projects/dem/output/experiments/resample/scaled_mlp6_enet_h108_resample.pt
blocks 48,960   valid pixel-targets 802,160,640

Columns: pix% share of pixels | SSE% share of total DEM squared error | MSE per bin |
relSSE error energy / reference energy | orth% of SSE orthogonal to the reference curve
(temperature placement) vs along it (scale) | EMr, pkR aggregate predicted/reference emission
and peak height | wP, wR EM-weighted logT width (dex) | shift mean logT pred-ref (dex) |
refM%, modM% multi-peaked | p50 median per-pixel SSE | top1% SSE share of the worst 1%

## Population
group                             pix%    SSE%       MSE    relSSE   orth%     EMr     pkR     wP     wR   shift   refM%   modM%       p50   top1%
--------------------------------------------------------------------------------------------------------------------------------------------------
full                            100.00   100.0     0.834      0.25      55   0.941   0.898   0.29   0.26   +0.03    61.8    60.3      2.24    56.8
bright                           10.50    72.8      5.78     0.224      53   0.929   0.963   0.31   0.31   -0.03    61.5    60.3      21.4    62.7
quiet                            89.50    27.2     0.254     0.366      58    0.95   0.864   0.28   0.25   +0.04    61.8    60.3       1.7    11.3

## By intensity (max over channels of observed/threshold)
group                             pix%    SSE%       MSE    relSSE   orth%     EMr     pkR     wP     wR   shift   refM%   modM%       p50   top1%
--------------------------------------------------------------------------------------------------------------------------------------------------
<0.03x                            3.48     0.1    0.0172     0.817      25   0.881   0.592   0.24   0.17   +0.05    28.4    45.2    0.0933    17.9
0.03-0.1x                         9.65     0.5     0.039      0.62      37   0.976    0.75   0.23   0.21   +0.05    41.6    52.3     0.269    13.1
0.1-0.3x                         31.63     3.9     0.104     0.439      49   0.962   0.825   0.26   0.23   +0.04    55.6    55.6     0.851    10.4
0.3-1x                           44.74    22.8     0.424     0.352      61   0.946   0.885   0.31   0.28   +0.03    73.3    66.6      4.27     8.0
1-1.8x                            7.02    11.0      1.31      0.25      68   0.935   0.946   0.31   0.31   -0.01    66.1    61.6      15.5     6.3
1.8-3.2x                          2.33     7.5      2.67     0.166      75   0.931   0.985   0.31   0.31   -0.05    54.6    57.1      30.9     7.2
3.2-10x                           1.06    11.8       9.3     0.121      77   0.945    1.01   0.32   0.32   -0.06    47.6    58.0      85.1    11.7
10-32x                            0.07    11.7       140     0.252      53   0.874   0.902   0.39   0.34   -0.07    45.7    72.6  1.48e+03     6.7
>=32x                             0.01    30.7  2.71e+03     0.333      33   0.737   0.621   0.38   0.26   -0.07    21.3    73.5  2.24e+04    25.9

## Bright, by channel with the largest observed/threshold
group                             pix%    SSE%       MSE    relSSE   orth%     EMr     pkR     wP     wR   shift   refM%   modM%       p50   top1%
--------------------------------------------------------------------------------------------------------------------------------------------------
94                                1.94    48.9        21     0.346      44   0.771   0.903   0.30   0.33   -0.20    79.6    64.2      38.9    67.0
131                               1.83     8.6       3.9     0.226      55   0.972    0.92   0.48   0.42   +0.05    85.7    97.2      22.4    49.2
171                               1.87     3.1      1.38      0.21      74   0.959   0.917   0.28   0.29   -0.03    85.1    86.9      15.5    10.4
193                               0.86     0.9     0.906     0.123      80   0.979   0.928   0.27   0.26   +0.01    53.0    44.6      10.2    11.2
211                               1.72     2.8      1.36     0.065      88   0.995   0.982   0.26   0.26   -0.00    33.6    22.3      10.7    22.3
335                               2.27     8.5      3.12     0.105      85   0.973    1.03   0.27   0.28   +0.03    31.5    40.1      33.9    13.1
quiet                            89.50    27.2     0.254     0.366      58    0.95   0.864   0.28   0.25   +0.04    61.8    60.3       1.7    11.3

## Bright, inclusive by trigger channel (overlapping)
group                             pix%    SSE%       MSE    relSSE   orth%     EMr     pkR     wP     wR   shift   refM%   modM%       p50   top1%
--------------------------------------------------------------------------------------------------------------------------------------------------
94                                5.05    63.9      10.6     0.225      50   0.894   0.975   0.31   0.32   -0.12    63.7    60.3      33.9    65.3
131                               5.03    62.0      10.3     0.222      50   0.931   0.965   0.37   0.36   -0.02    65.3    76.5      29.5    66.5
171                               5.00    55.1      9.18     0.214      50   0.927   0.958   0.32   0.32   -0.05    69.6    74.5      24.5    68.6
193                               5.00    58.3      9.72     0.206      51   0.933   0.971   0.29   0.30   -0.04    52.9    53.8      23.4    69.0
211                               5.00    58.6      9.78     0.202      51   0.936    0.98   0.28   0.29   -0.03    44.0    45.5      23.4    68.6
335                               5.01    62.8      10.5     0.212      52   0.937       1   0.28   0.30   -0.01    41.8    49.7      32.4    65.6

## By number of trigger channels
group                             pix%    SSE%       MSE    relSSE   orth%     EMr     pkR     wP     wR   shift   refM%   modM%       p50   top1%
--------------------------------------------------------------------------------------------------------------------------------------------------
0                                89.50    27.2     0.254     0.366      58    0.95   0.864   0.28   0.25   +0.04    61.8    60.3       1.7    11.3
1                                 3.75     7.0      1.56     0.353      65   0.938   0.935   0.32   0.31   -0.00    69.2    61.9      15.5    19.6
2                                 1.86     3.8       1.7     0.264      67   0.944   0.941   0.33   0.31   -0.00    64.4    59.2        17    17.5
3                                 1.28     4.0      2.63     0.259      61   0.922   0.947   0.31   0.31   -0.04    61.9    56.4      21.4    31.4
4                                 0.98     3.7      3.11     0.219      66   0.925   0.977   0.30   0.31   -0.05    58.7    59.4      24.5    30.7
5                                 0.91     6.4      5.85     0.234      58   0.927   0.974   0.30   0.31   -0.05    56.6    62.6      29.5    52.0
6                                 1.72    47.9      23.2     0.207      48   0.925    0.99   0.30   0.32   -0.07    45.4    60.2        49    68.2

## Top exact trigger patterns by SSE share
group                             pix%    SSE%       MSE    relSSE   orth%     EMr     pkR     wP     wR   shift   refM%   modM%       p50   top1%
--------------------------------------------------------------------------------------------------------------------------------------------------
94+131+171+193+211+335            1.72    47.9      23.2     0.207      48   0.925    0.99   0.30   0.32   -0.07    45.4    60.2        49    68.2
94+131+193+211+335                0.23     4.0      14.4     0.248      52   0.921    1.02   0.32   0.31   -0.05    31.7    42.5      35.5    56.0
94                                0.83     2.7      2.71     0.786      51     0.7   0.776   0.31   0.32   -0.20    88.8    68.9      28.2    27.1
335                               0.95     2.3      2.01     0.253      80    1.01    1.03   0.25   0.27   +0.06    42.5    36.1      24.5    13.4
94+131+335                        0.03     1.2      31.5     0.464      43   0.808    1.01   0.37   0.33   -0.08    36.5    55.0      93.3    19.1
131                               0.70     1.1      1.33     0.542      65    1.03   0.898   0.52   0.43   +0.14    85.3    95.9      15.5    16.8
94+131+211+335                    0.06     1.1      13.8     0.261      62   0.892    1.13   0.34   0.31   -0.08    31.7    42.4      77.6    25.4
94+335                            0.11     0.8      5.82     0.397      74   0.838    1.31   0.25   0.26   -0.09    32.4    31.2      61.7    12.4
94+131+171+193+211                0.23     0.8       2.8     0.255      64   0.907   0.879   0.30   0.34   -0.14    92.7    79.6      32.4    12.5
94+131+171                        0.21     0.7      2.93     0.602      50   0.798   0.809   0.48   0.45   -0.20    98.2    97.4      40.7     7.2
131+171                           0.48     0.7      1.25     0.465      65    1.02   0.828   0.46   0.38   +0.07    91.3    97.8      17.8     5.8
131+171+193+211+335               0.20     0.7       2.8     0.179      73   0.989   0.917   0.29   0.30   +0.06    37.2    68.7      28.2    11.4

## By DEM shape (reference x model x Bright)
group                             pix%    SSE%       MSE    relSSE   orth%     EMr     pkR     wP     wR   shift   refM%   modM%       p50   top1%
--------------------------------------------------------------------------------------------------------------------------------------------------
ref uni / model uni / Quiet      23.50     4.9     0.175     0.238      63   0.966   0.905   0.19   0.17   +0.04     0.0     0.0     0.646    15.2
ref uni / model uni / Bright      2.75    19.2      5.82     0.165      57   0.955    1.02   0.24   0.25   +0.00     0.0     0.0      18.6    61.8
ref uni / model multi / Quiet    10.66     3.1     0.244     0.426      46   0.915   0.699   0.32   0.23   +0.10     0.0   100.0      1.23    13.1
ref uni / model multi / Bright    1.29    25.0      16.1     0.267      45   0.921   0.947   0.33   0.32   +0.03     0.0   100.0      24.5    78.3
ref multi / model uni / Quiet    12.03     3.9     0.273     0.375      65    0.95    0.94   0.24   0.26   +0.00   100.0     0.0      2.04    10.6
ref multi / model uni / Bright    1.42     6.2      3.62     0.222      56   0.904   0.942   0.25   0.28   -0.07   100.0     0.0      20.4    47.3
ref multi / model multi / Quie   43.32    15.2     0.294     0.425      58    0.95   0.854   0.33   0.30   +0.03   100.0   100.0      2.45     9.7
ref multi / model multi / Brig    5.03    22.4      3.71     0.255      58   0.919   0.924   0.36   0.35   -0.04   100.0   100.0      22.4    46.1

## Regression-to-mean check, by reference peak height
group                             pix%    SSE%       MSE    relSSE   orth%     EMr     pkR     wP     wR   shift   refM%   modM%    gPkR    gEMr
------------------------------------------------------------------------------------------------------------------------------------------------
<=0                               0.32     0.0    0.0259         -     100       -       -      -      -       -     0.0    15.3       -       -
<0.001                            0.07     0.0     0.065  3.86e+06     100     400     372   0.23   0.03   +0.59     1.4    17.5     1.6     3.1
0.001 to 0.0032                   0.12     0.0   0.00636  2.29e+04      99     105    95.9   0.16   0.02   +0.73     4.4    20.2    2.11    3.13
0.0032 to 0.01                    0.23     0.0   0.00477  1.95e+03      98      35    32.2   0.16   0.05   +0.66    12.9    20.8    1.19    1.64
0.01 to 0.032                     0.39     0.0    0.0124       402      97    10.9    8.56   0.21   0.10   +0.42    25.0    41.0   0.939    1.39
0.032 to 0.1                      1.33     0.1    0.0367       111      95    4.13    3.27   0.24   0.15   +0.26    35.0    52.1   0.947    1.32
0.1 to 0.32                       4.75     0.2    0.0333      8.94      87    1.89    1.51   0.21   0.18   +0.08    43.8    51.9   0.811    1.08
0.32 to 1                        17.19     1.2    0.0569      1.21      79    1.17    1.02   0.26   0.23   +0.04    55.4    59.6   0.814    1.01
1 to 3.2                         45.25    11.3     0.209     0.491      65   0.957   0.889   0.30   0.27   +0.02    69.7    65.7   0.808   0.933
3.2 to 10                        27.01    27.9      0.86     0.299      61   0.915   0.864   0.29   0.28   +0.01    62.1    57.4   0.796   0.897
10 to 32                          3.10    15.0      4.02     0.141      74   0.941   0.958   0.28   0.28   -0.02    39.5    40.6   0.919   0.944
32 to 1e+02                       0.23    15.2        56      0.18      57   0.924   0.951   0.33   0.31   -0.05    30.0    46.7   0.947   0.938
1e+02 to 3.2e+02                  0.01    16.2  1.59e+03     0.356      36   0.761    0.62   0.37   0.26   -0.06    20.9    70.8   0.599    0.75
3.2e+02 to 1e+03                  0.00     8.4  1.31e+04     0.261      34   0.723   0.702   0.36   0.30   -0.00    28.0    55.2   0.686   0.734
1e+03 to 3.2e+03                  0.00     4.5  8.94e+04     0.316      14   0.556   0.547   0.34   0.32   -0.02    45.7    39.5   0.536   0.549

## Worst per-pixel SSE tail (bin-edge approximate)
group                             pix%    SSE%       MSE    relSSE   orth%     EMr     pkR     wP     wR   shift   refM%   modM%  bright%
-----------------------------------------------------------------------------------------------------------------------------------------
worst_0.1pct_approx               0.12    46.2       324     0.324      40   0.797   0.843   0.37   0.30   -0.14    39.4    60.6     99.9
worst_1pct_approx                 2.26    62.8      23.2     0.262      49    0.88   0.938   0.33   0.33   -0.07    58.2    61.6     90.2
remainder                        97.74    37.2     0.317     0.232      65   0.954   0.892   0.29   0.26   +0.03    61.9    60.3      8.7
  worst_0.1pct_approx: pixel SSE >= 562; dominant channel of Bright part: 94:84%, 131:7%, 171:0%, 193:0%, 211:2%, 335:6%
  worst_1pct_approx: pixel SSE >= 56.2; dominant channel of Bright part: 94:35%, 131:16%, 171:8%, 193:1%, 211:7%, 335:33%

## Solver scatter (repeated AIA inputs)
groups by number of targets: {'1': 17445, '2': 10338, '3': 3028, '4': 415, '5': 19}; evicted: 29946

## Solver scatter, population
group                             pix%   modelMSE  scatterMSE    biasMSE  scatter%  biasOrth%     check
-------------------------------------------------------------------------------------------------------
full                            100.00      0.836      0.0784      0.757       9.4         58   2.8e-16
bright                           10.61       5.73       0.233       5.49       4.1         55   1.9e-16
quiet                            89.39      0.255      0.0601      0.195      23.6         65   3.9e-16

## Solver scatter, by intensity over threshold
group                             pix%   modelMSE  scatterMSE    biasMSE  scatter%  biasOrth%     check
-------------------------------------------------------------------------------------------------------
<0.03x                            3.46     0.0173     0.00749    0.00978      43.4         40   5.8e-16
0.03-0.1x                         9.60     0.0391      0.0162     0.0229      41.4         52   3.7e-16
0.1-0.3x                         31.53      0.104      0.0379     0.0665      36.3         60   6.7e-16
0.3-1x                           44.80      0.426      0.0891      0.336      20.9         66   3.1e-16
1-1.8x                            7.08       1.31       0.169       1.14      12.9         71   4.7e-16
1.8-3.2x                          2.36       2.69       0.262       2.43       9.7         77   0.0e+00
3.2-10x                           1.09       9.29       0.496       8.79       5.3         78   1.4e-16
10-32x                            0.07        140         1.3        138       0.9         53   1.5e-16
>=32x                             0.01   2.61e+03        2.32    2.6e+03       0.1         38   1.2e-16

Signed DEM error by logT bin (pred - ref, mean per pixel):
  bright -0.49 +0.49 +0.55 -0.43 -0.47 +0.65 +0.28 -0.43 +0.17 -0.22 +1.40 -0.27 -1.03 -1.25 -1.27 -0.74 +0.20 +0.45
  quiet  -0.17 +0.03 +0.05 -0.07 -0.05 +0.12 +0.01 -0.04 +0.06 -0.11 +0.26 -0.03 -0.17 -0.18 -0.18 -0.07 +0.14 +0.14
  logT    5.50  5.60  5.70  5.80  5.90  6.00  6.10  6.20  6.30  6.40  6.50  6.60  6.70  6.80  6.90  7.00  7.10  7.20
