# Bright-failure diagnostic: ENET track, label-free model
model /home/hsr3649/projects/dem/output/experiments/resample/scaled_mlp6_enet_h72_resample.pt
blocks 48,960   valid pixel-targets 802,160,640

Columns: pix% share of pixels | SSE% share of total DEM squared error | MSE per bin |
relSSE error energy / reference energy | orth% of SSE orthogonal to the reference curve
(temperature placement) vs along it (scale) | EMr, pkR aggregate predicted/reference emission
and peak height | wP, wR EM-weighted logT width (dex) | shift mean logT pred-ref (dex) |
refM%, modM% multi-peaked | p50 median per-pixel SSE | top1% SSE share of the worst 1%

## Population
group                             pix%    SSE%       MSE    relSSE   orth%     EMr     pkR     wP     wR   shift   refM%   modM%       p50   top1%
--------------------------------------------------------------------------------------------------------------------------------------------------
full                            100.00   100.0      1.73     0.518      67    1.07    1.01   0.31   0.26   +0.11    61.8    71.8       4.9    48.9
bright                           10.50    71.6      11.8     0.456      65     1.1    1.06   0.35   0.31   +0.18    61.5    86.4      67.6    47.9
quiet                            89.50    28.4     0.548     0.791      70    1.04   0.987   0.30   0.25   +0.11    61.8    70.1      3.72    10.8

## By intensity (max over channels of observed/threshold)
group                             pix%    SSE%       MSE    relSSE   orth%     EMr     pkR     wP     wR   shift   refM%   modM%       p50   top1%
--------------------------------------------------------------------------------------------------------------------------------------------------
<0.03x                            3.48     0.0    0.0179     0.854      26   0.815   0.708   0.30   0.17   +0.06    28.4    69.8    0.0741    17.9
0.03-0.1x                         9.65     0.3    0.0462     0.735      43   0.911   0.869   0.28   0.21   +0.06    41.6    54.4     0.282    12.1
0.1-0.3x                         31.63     3.6     0.198     0.836      62       1   0.978   0.28   0.23   +0.08    55.6    62.5      1.62    10.8
0.3-1x                           44.74    24.5     0.945     0.785      72    1.06   0.999   0.33   0.28   +0.14    73.3    78.9      10.7     7.6
1-1.8x                            7.02    13.7      3.37     0.644      83    1.11    1.08   0.35   0.31   +0.18    66.1    84.0        49     4.5
1.8-3.2x                          2.33     9.9      7.33     0.456      90    1.11    1.09   0.35   0.31   +0.17    54.6    88.8       112     3.9
3.2-10x                           1.06    15.7      25.6     0.333      92    1.13    1.05   0.35   0.32   +0.16    47.6    95.7       324     5.7
10-32x                            0.07     9.6       239     0.429      73    1.01   0.984   0.35   0.34   +0.12    45.7    97.8  3.09e+03     5.2
>=32x                             0.01    22.7  4.15e+03      0.51      21   0.655   0.592   0.32   0.26   +0.01    21.3    97.4  2.82e+04    30.9

## Bright, by channel with the largest observed/threshold
group                             pix%    SSE%       MSE    relSSE   orth%     EMr     pkR     wP     wR   shift   refM%   modM%       p50   top1%
--------------------------------------------------------------------------------------------------------------------------------------------------
94                                1.94    34.8        31      0.51      46   0.913    1.02   0.34   0.33   -0.01    79.6    89.7      70.8    65.4
131                               1.83    14.7      13.9     0.808      73    1.27    1.49   0.46   0.42   +0.40    85.7    97.9       102    35.2
171                               1.87     4.2      3.86     0.588      86    1.12    1.06   0.37   0.29   +0.16    85.1    98.6      44.7     9.3
193                               0.86     2.7      5.45     0.742      91    1.25    1.16   0.36   0.26   +0.23    53.0    79.9      77.6     6.7
211                               1.72     6.2       6.2     0.297      97    1.23   0.993   0.32   0.26   +0.18    33.6    65.6      56.2    18.6
335                               2.27     9.0      6.88     0.231      88    1.05   0.947   0.27   0.28   +0.15    31.5    82.3      61.7    15.6
quiet                            89.50    28.4     0.548     0.791      70    1.04   0.987   0.30   0.25   +0.11    61.8    70.1      3.72    10.8

## Bright, inclusive by trigger channel (overlapping)
group                             pix%    SSE%       MSE    relSSE   orth%     EMr     pkR     wP     wR   shift   refM%   modM%       p50   top1%
--------------------------------------------------------------------------------------------------------------------------------------------------
94                                5.05    59.7      20.4     0.436      61    1.07    1.07   0.35   0.32   +0.09    63.7    90.5      93.3    51.3
131                               5.03    62.0      21.3      0.46      63    1.13    1.12   0.40   0.36   +0.26    65.3    96.5       112    49.4
171                               5.00    55.3      19.1     0.445      62    1.11    1.08   0.37   0.32   +0.18    69.6    97.9      89.1    51.7
193                               5.00    59.0      20.4     0.433      63    1.12    1.06   0.35   0.30   +0.18    52.9    86.9       102    51.1
211                               5.00    58.0        20     0.413      62    1.11    1.03   0.33   0.29   +0.17    44.0    82.6      93.3    52.1
335                               5.01    58.7      20.3     0.412      61    1.08    1.02   0.31   0.30   +0.17    41.8    86.2      89.1    52.1

## By number of trigger channels
group                             pix%    SSE%       MSE    relSSE   orth%     EMr     pkR     wP     wR   shift   refM%   modM%       p50   top1%
--------------------------------------------------------------------------------------------------------------------------------------------------
0                                89.50    28.4     0.548     0.791      70    1.04   0.987   0.30   0.25   +0.11    61.8    70.1      3.72    10.8
1                                 3.75     6.5      2.99     0.676      76    1.07    1.03   0.34   0.31   +0.17    69.2    82.3      40.7     7.3
2                                 1.86     4.3      4.05     0.632      83    1.13    1.12   0.36   0.31   +0.21    64.4    82.2      53.7     8.6
3                                 1.28     4.3      5.83     0.575      81     1.1    1.11   0.36   0.31   +0.18    61.9    82.8      70.8    18.6
4                                 0.98     4.0      7.08     0.498      83     1.1     1.1   0.35   0.31   +0.17    58.7    87.4      85.1    17.4
5                                 0.91     6.3        12     0.481      74     1.1    1.07   0.35   0.31   +0.17    56.6    93.5       112    35.0
6                                 1.72    46.2      46.4     0.412      58     1.1    1.04   0.36   0.32   +0.16    45.4    98.0       204    53.1

## Top exact trigger patterns by SSE share
group                             pix%    SSE%       MSE    relSSE   orth%     EMr     pkR     wP     wR   shift   refM%   modM%       p50   top1%
--------------------------------------------------------------------------------------------------------------------------------------------------
94+131+171+193+211+335            1.72    46.2      46.4     0.412      58     1.1    1.04   0.36   0.32   +0.16    45.4    98.0       204    53.1
94+131+193+211+335                0.23     3.2      24.1     0.416      62    1.04    1.03   0.33   0.31   +0.16    31.7    82.1       117    47.3
335                               0.95     1.8      3.21     0.404      73    1.03   0.864   0.25   0.27   +0.15    42.5    72.9      44.7     6.2
131                               0.70     1.7      4.31      1.75      86    1.33    1.67   0.46   0.43   +0.45    85.3    96.1      67.6     6.4
94                                0.83     1.5      3.13      0.91      58   0.841   0.927   0.33   0.32   -0.06    88.8    87.5      44.7     8.0
94+131+171+193+211                0.23     1.3      9.42      0.86      86    1.23    1.11   0.41   0.34   +0.15    92.7    98.9       141     5.3
131+171                           0.48     1.2      4.33      1.61      86    1.31    1.52   0.49   0.38   +0.41    91.3    99.7      64.6     4.3
131+171+193+211+335               0.20     0.9      8.15     0.522      87    1.16    1.01   0.36   0.30   +0.32    37.2    99.1       112     7.6
94+131+335                        0.03     0.8      44.1      0.65      59   0.912    1.15   0.32   0.33   +0.11    36.5    95.6       162    18.4
94+131+211+335                    0.06     0.7        20      0.38      72   0.951    1.07   0.30   0.31   +0.09    31.7    98.4       129    24.3
94+131+171+193                    0.16     0.7      7.76      1.28      85    1.14    1.42   0.47   0.42   +0.16    93.7    96.7       123     4.0
94+131+171                        0.21     0.7       6.1      1.25      84    1.06    1.55   0.48   0.45   +0.13    98.2    99.5      93.3     4.3

## By DEM shape (reference x model x Bright)
group                             pix%    SSE%       MSE    relSSE   orth%     EMr     pkR     wP     wR   shift   refM%   modM%       p50   top1%
--------------------------------------------------------------------------------------------------------------------------------------------------
ref uni / model uni / Quiet      17.95     4.2     0.402     0.592      69    1.05    1.01   0.23   0.18   +0.08     0.0     0.0      1.41    15.7
ref uni / model uni / Bright      0.92     2.7      5.17     0.341      72    1.12       1   0.27   0.22   +0.15     0.0     0.0      42.7    30.5
ref uni / model multi / Quiet    16.20     4.4     0.465     0.673      65   0.989   0.828   0.30   0.20   +0.13     0.0   100.0      1.78    12.3
ref uni / model multi / Bright    3.13    35.7      19.7     0.383      56    1.06    1.01   0.32   0.29   +0.20     0.0   100.0      70.8    59.6
ref multi / model uni / Quiet     8.80     4.0     0.793      1.24      84    1.19    1.35   0.30   0.29   +0.10   100.0     0.0      4.47    11.2
ref multi / model uni / Bright    0.52     2.1      7.18     0.667      74     1.2    1.15   0.35   0.31   +0.15   100.0     0.0      77.6    24.7
ref multi / model multi / Quie   46.55    15.8     0.587     0.828      69    1.03   0.961   0.33   0.29   +0.11   100.0   100.0      5.62     7.8
ref multi / model multi / Brig    5.94    31.1      9.04     0.591      74    1.12    1.11   0.38   0.34   +0.17   100.0   100.0      67.6    35.2

## Regression-to-mean check, by reference peak height
group                             pix%    SSE%       MSE    relSSE   orth%     EMr     pkR     wP     wR   shift   refM%   modM%    gPkR    gEMr
------------------------------------------------------------------------------------------------------------------------------------------------
<=0                               0.32     0.0   0.00317         -     100       -       -      -      -       -     0.0    82.1       -       -
<0.001                            0.07     0.0   0.00398  2.37e+05     100     114    98.6   0.31   0.03   +0.62     1.4    86.0   0.639    1.02
0.001 to 0.0032                   0.12     0.0   0.00219  7.88e+03      99    30.7      26   0.27   0.02   +0.72     4.4    81.9   0.426   0.648
0.0032 to 0.01                    0.23     0.0   0.00202       823      92    12.4      11   0.26   0.05   +0.64    12.9    78.4   0.248   0.351
0.01 to 0.032                     0.39     0.0   0.00474       154      96    6.98    6.14   0.29   0.10   +0.43    25.0    68.9   0.367   0.478
0.032 to 0.1                      1.33     0.0   0.00769      23.3      92    3.14     2.8   0.32   0.15   +0.28    35.0    74.7    0.46   0.577
0.1 to 0.32                       4.75     0.0    0.0159      4.27      85    1.53    1.42   0.28   0.18   +0.08    43.8    72.8   0.476   0.548
0.32 to 1                        17.19     0.8    0.0789      1.68      82    1.14     1.2   0.29   0.23   +0.06    55.4    66.4   0.756    0.78
1 to 3.2                         45.25    12.3      0.47      1.11      78    1.07    1.11   0.32   0.27   +0.11    69.7    72.4   0.959   0.984
3.2 to 10                        27.01    32.1      2.05     0.715      76    1.05   0.956   0.31   0.28   +0.13    62.1    72.7   0.874   0.992
10 to 32                          3.10    18.5      10.3     0.363      88    1.09   0.964   0.31   0.28   +0.15    39.5    79.3   0.924    1.08
32 to 1e+02                       0.23    13.8       105     0.337      78     1.1   0.947   0.32   0.31   +0.13    30.0    95.5   0.947    1.12
1e+02 to 3.2e+02                  0.01    10.6  2.15e+03     0.481      37   0.734   0.641   0.31   0.26   +0.02    20.9    97.6    0.64   0.742
3.2e+02 to 1e+03                  0.00     7.5  2.41e+04     0.483      10    0.47   0.454   0.32   0.30   -0.03    28.0    95.9   0.457   0.475
1e+03 to 3.2e+03                  0.00     4.3  1.78e+05     0.628       3   0.295   0.242   0.34   0.32   -0.10    45.7    93.5   0.238   0.281

## Worst per-pixel SSE tail (bin-edge approximate)
group                             pix%    SSE%       MSE    relSSE   orth%     EMr     pkR     wP     wR   shift   refM%   modM%  bright%
-----------------------------------------------------------------------------------------------------------------------------------------
worst_0.1pct_approx               0.18    37.3       360      0.48      44   0.994   0.944   0.35   0.34   +0.14    47.1    97.3    100.0
worst_1pct_approx                 1.67    53.3      55.3     0.465      58    1.11    1.07   0.38   0.35   +0.25    57.7    88.8     97.9
remainder                        98.33    46.7      0.82     0.596      76    1.06    1.01   0.31   0.26   +0.11    61.9    71.5      9.0
  worst_0.1pct_approx: pixel SSE >= 1e+03; dominant channel of Bright part: 94:50%, 131:24%, 171:1%, 193:0%, 211:9%, 335:16%
  worst_1pct_approx: pixel SSE >= 178; dominant channel of Bright part: 94:22%, 131:29%, 171:8%, 193:6%, 211:14%, 335:21%

## Solver scatter (repeated AIA inputs)
groups by number of targets: {'1': 17445, '2': 10338, '3': 3028, '4': 415, '5': 19}; evicted: 29946

## Solver scatter, population
group                             pix%   modelMSE  scatterMSE    biasMSE  scatter%  biasOrth%     check
-------------------------------------------------------------------------------------------------------
full                            100.00       1.72      0.0784       1.64       4.6         69   5.5e-16
bright                           10.61       11.6       0.233       11.3       2.0         67   0.0e+00
quiet                            89.39      0.551      0.0601      0.491      10.9         76   4.8e-16

## Solver scatter, by intensity over threshold
group                             pix%   modelMSE  scatterMSE    biasMSE  scatter%  biasOrth%     check
-------------------------------------------------------------------------------------------------------
<0.03x                            3.46     0.0181     0.00749     0.0106      41.4         39   4.6e-16
0.03-0.1x                         9.60     0.0464      0.0162     0.0302      35.0         57   6.2e-16
0.1-0.3x                         31.53      0.199      0.0379      0.161      19.0         71   4.7e-16
0.3-1x                           44.80      0.947      0.0891      0.858       9.4         76   0.0e+00
1-1.8x                            7.08       3.36       0.169       3.19       5.0         85   1.2e-16
1.8-3.2x                          2.36       7.34       0.262       7.08       3.6         91   5.1e-16
3.2-10x                           1.09       25.5       0.496         25       1.9         93   4.2e-16
10-32x                            0.07        236         1.3        235       0.5         73   1.7e-16
>=32x                             0.01   3.84e+03        2.32   3.83e+03       0.1         24   1.6e-16

Signed DEM error by logT bin (pred - ref, mean per pixel):
  bright -1.34 -0.74 -0.68 -0.84 +0.35 -0.04 +2.45 -2.07 +0.81 +0.78 +0.95 +0.94 -0.91 -1.29 -1.22 +0.05 +4.30 +1.90
  quiet  -0.25 -0.06 -0.06 -0.12 +0.08 -0.06 +0.36 -0.33 +0.22 -0.01 -0.10 +0.38 -0.17 -0.27 -0.24 -0.07 +0.54 +0.38
  logT    5.50  5.60  5.70  5.80  5.90  6.00  6.10  6.20  6.30  6.40  6.50  6.60  6.70  6.80  6.90  7.00  7.10  7.20
