# Bright-failure diagnostic: ENET track, label-free model
model /home/hsr3649/projects/dem/output/experiments/resample/scaled_mlp6_enet_h336_resample.pt
blocks 48,960   valid pixel-targets 802,160,640

Columns: pix% share of pixels | SSE% share of total DEM squared error | MSE per bin |
relSSE error energy / reference energy | orth% of SSE orthogonal to the reference curve
(temperature placement) vs along it (scale) | EMr, pkR aggregate predicted/reference emission
and peak height | wP, wR EM-weighted logT width (dex) | shift mean logT pred-ref (dex) |
refM%, modM% multi-peaked | p50 median per-pixel SSE | top1% SSE share of the worst 1%

## Population
group                             pix%    SSE%       MSE    relSSE   orth%     EMr     pkR     wP     wR   shift   refM%   modM%       p50   top1%
--------------------------------------------------------------------------------------------------------------------------------------------------
full                            100.00   100.0     0.482     0.144      68    0.98   0.935   0.28   0.26   +0.03    61.8    62.5      1.07    65.3
bright                           10.50    74.5      3.42     0.132      71   0.993   0.978   0.32   0.31   +0.02    61.5    62.3      7.08    79.4
quiet                            89.50    25.5     0.137     0.198      61    0.97   0.913   0.27   0.25   +0.03    61.8    62.5     0.813    11.8

## By intensity (max over channels of observed/threshold)
group                             pix%    SSE%       MSE    relSSE   orth%     EMr     pkR     wP     wR   shift   refM%   modM%       p50   top1%
--------------------------------------------------------------------------------------------------------------------------------------------------
<0.03x                            3.48     0.1    0.0147     0.702      10   0.582   0.527   0.27   0.17   +0.05    28.4    35.4    0.0269    21.9
0.03-0.1x                         9.65     0.6    0.0324     0.516      29   0.827   0.765   0.24   0.21   +0.04    41.6    45.9     0.148    15.5
0.1-0.3x                         31.63     5.2    0.0788     0.333      51   0.947   0.886   0.25   0.23   +0.02    55.6    56.6      0.49    11.7
0.3-1x                           44.74    19.6     0.211     0.175      65   0.983   0.932   0.30   0.28   +0.03    73.3    72.3      1.86     9.2
1-1.8x                            7.02     7.1     0.489    0.0935      76   0.994   0.976   0.32   0.31   +0.02    66.1    66.5      5.13     9.4
1.8-3.2x                          2.33     4.2     0.876    0.0545      81   0.997   0.992   0.33   0.31   +0.01    54.6    55.4      9.77    13.0
3.2-10x                           1.06     9.0       4.1    0.0533      80   0.998   0.984   0.34   0.32   +0.00    47.6    51.2      26.9    49.0
10-32x                            0.07    18.2       126     0.227      74   0.981   0.932   0.36   0.34   +0.02    45.7    50.2       269    80.1
>=32x                             0.01    35.8  1.83e+03     0.224      64   0.877   0.789   0.30   0.26   -0.01    21.3    20.1  6.17e+03    59.4

## Bright, by channel with the largest observed/threshold
group                             pix%    SSE%       MSE    relSSE   orth%     EMr     pkR     wP     wR   shift   refM%   modM%       p50   top1%
--------------------------------------------------------------------------------------------------------------------------------------------------
94                                1.94    30.8      7.66     0.126      63   0.969   0.933   0.33   0.33   +0.00    79.6    78.4      7.41    86.9
131                               1.83    29.3      7.71     0.447      74    1.03   0.972   0.47   0.42   +0.07    85.7    92.9      9.33    88.6
171                               1.87     2.0     0.522    0.0797      78    0.99   0.946   0.30   0.29   +0.01    85.1    84.2      5.13    12.1
193                               0.86     0.7     0.417    0.0567      85   0.987   0.993   0.27   0.26   +0.01    53.0    44.8      4.27    12.8
211                               1.72     2.3     0.639    0.0306      87    0.99   0.985   0.27   0.26   +0.00    33.6    29.1      5.37    18.9
335                               2.27     9.3      1.97    0.0664      79   0.997    1.01   0.28   0.28   +0.01    31.5    37.9      10.7    51.0
quiet                            89.50    25.5     0.137     0.198      61    0.97   0.913   0.27   0.25   +0.03    61.8    62.5     0.813    11.8

## Bright, inclusive by trigger channel (overlapping)
group                             pix%    SSE%       MSE    relSSE   orth%     EMr     pkR     wP     wR   shift   refM%   modM%       p50   top1%
--------------------------------------------------------------------------------------------------------------------------------------------------
94                                5.05    43.0      4.11    0.0876      67   0.988    0.97   0.33   0.32   +0.00    63.7    63.7      9.33    76.6
131                               5.03    57.4      5.51     0.119      67   0.994    0.97   0.38   0.36   +0.03    65.3    68.3      10.2    81.2
171                               5.00    33.7      3.25    0.0756      63    0.99   0.968   0.33   0.32   +0.01    69.6    70.3      8.51    72.3
193                               5.00    35.1      3.38    0.0718      62   0.988   0.979   0.31   0.30   +0.01    52.9    52.6      8.51    72.8
211                               5.00    35.0      3.38    0.0696      62   0.989   0.981   0.30   0.29   +0.01    44.0    43.7      8.51    72.6
335                               5.01    41.4      3.98    0.0807      64    0.99   0.988   0.30   0.30   +0.01    41.8    44.5      11.2    72.4

## By number of trigger channels
group                             pix%    SSE%       MSE    relSSE   orth%     EMr     pkR     wP     wR   shift   refM%   modM%       p50   top1%
--------------------------------------------------------------------------------------------------------------------------------------------------
0                                89.50    25.5     0.137     0.198      61    0.97   0.913   0.27   0.25   +0.03    61.8    62.5     0.813    11.8
1                                 3.75    36.1      4.63      1.05      79    1.01   0.987   0.32   0.31   +0.03    69.2    70.0      5.13    90.0
2                                 1.86     2.1     0.552     0.086      75   0.994   0.964   0.33   0.31   +0.02    64.4    64.8      5.37    15.0
3                                 1.28     2.0     0.751    0.0741      73   0.992   0.976   0.32   0.31   +0.02    61.9    62.4      6.46    24.7
4                                 0.98     1.7     0.836    0.0588      74   0.992   0.979   0.32   0.31   +0.01    58.7    60.1      7.41    23.3
5                                 0.91     3.0      1.61    0.0646      63   0.987   0.977   0.32   0.31   +0.01    56.6    58.4      9.33    50.4
6                                 1.72    29.6      8.28    0.0736      61   0.988   0.976   0.33   0.32   +0.00    45.4    46.3      17.8    76.8

## Top exact trigger patterns by SSE share
group                             pix%    SSE%       MSE    relSSE   orth%     EMr     pkR     wP     wR   shift   refM%   modM%       p50   top1%
--------------------------------------------------------------------------------------------------------------------------------------------------
94+131+171+193+211+335            1.72    29.6      8.28    0.0736      61   0.988   0.976   0.33   0.32   +0.00    45.4    46.3      17.8    76.8
131                               0.70    21.6      14.9      6.05      75    1.07   0.956   0.49   0.43   +0.09    85.3    93.6      7.08    96.1
94                                0.83     7.9      4.58      1.33      90   0.979   0.919   0.32   0.32   +0.00    88.8    89.4      5.37    90.4
335                               0.95     5.7      2.91     0.366      77    1.01    1.06   0.26   0.27   +0.02    42.5    45.9      7.76    74.3
94+131+193+211+335                0.23     1.7      3.58    0.0619      51   0.978   0.965   0.32   0.31   -0.01    31.7    36.6      11.7    65.7
131+171                           0.48     0.6     0.557     0.208      72    1.01   0.881   0.43   0.38   +0.06    91.3    95.8      6.17     8.1
131+171+193+211+335               0.20     0.4      1.06    0.0679      79    0.99   0.977   0.30   0.30   +0.01    37.2    40.2      10.7    15.6
171                               0.66     0.4     0.285      0.14      69   0.978   0.914   0.27   0.27   +0.01    90.1    86.8      2.95     8.3
94+131+335                        0.03     0.4      5.74    0.0845      47    0.97   0.912   0.33   0.33   +0.03    36.5    39.8      16.2    31.1
94+131+171+193+211                0.23     0.3     0.681    0.0621      82   0.994   0.982   0.36   0.34   +0.01    92.7    90.4      6.76    17.7
211+335                           0.25     0.3     0.609    0.0517      82    0.99    1.01   0.26   0.26   +0.01    11.5    14.0      6.76     9.7
94+131+211+335                    0.06     0.3      2.32     0.044      62   0.995   0.964   0.32   0.31   +0.01    31.7    36.9      14.8    34.2

## By DEM shape (reference x model x Bright)
group                             pix%    SSE%       MSE    relSSE   orth%     EMr     pkR     wP     wR   shift   refM%   modM%       p50   top1%
--------------------------------------------------------------------------------------------------------------------------------------------------
ref uni / model uni / Quiet      24.70     5.6     0.108     0.146      58   0.964   0.933   0.20   0.18   +0.03     0.0     0.0     0.407    14.4
ref uni / model uni / Bright      3.23    22.4      3.34    0.0716      55   0.985   0.984   0.27   0.26   +0.01     0.0     0.0      7.41    76.3
ref uni / model multi / Quiet     9.45     3.0     0.151     0.288      51   0.941   0.769   0.28   0.20   +0.08     0.0   100.0     0.776    12.3
ref uni / model multi / Bright    0.82    32.7      19.3     0.637      79    1.01   0.976   0.32   0.30   +0.05     0.0   100.0      10.2    95.2
ref multi / model uni / Quiet     8.87     2.6     0.142     0.262      69   0.982    1.01   0.25   0.27   +0.01   100.0     0.0     0.977    12.3
ref multi / model uni / Bright    0.73     6.3      4.17      0.12      74   0.989       1   0.29   0.29   -0.01   100.0     0.0      8.51    79.4
ref multi / model multi / Quie   46.48    14.4     0.149     0.205      63   0.975   0.908   0.31   0.30   +0.02   100.0   100.0      1.07    10.6
ref multi / model multi / Brig    5.73    13.1       1.1    0.0888      75   0.998   0.967   0.36   0.34   +0.02   100.0   100.0      6.46    44.6

## Regression-to-mean check, by reference peak height
group                             pix%    SSE%       MSE    relSSE   orth%     EMr     pkR     wP     wR   shift   refM%   modM%    gPkR    gEMr
------------------------------------------------------------------------------------------------------------------------------------------------
<=0                               0.32     0.2     0.275         -     100       -       -      -      -       -     0.0    40.0       -       -
<0.001                            0.07     0.1     0.862  5.12e+07      99     333     270   0.26   0.03   +0.59     1.4    31.0    1.62    3.24
0.001 to 0.0032                   0.12     0.0     0.065  2.34e+05     100    80.7    68.9   0.20   0.02   +0.72     4.4    39.6    2.12    3.26
0.0032 to 0.01                    0.23     0.0    0.0288  1.18e+04      79    26.8      24   0.20   0.05   +0.65    12.9    43.2    1.16    1.65
0.01 to 0.032                     0.39     0.0    0.0181       589      93    8.63    7.86   0.25   0.10   +0.39    25.0    51.8    0.85    1.15
0.032 to 0.1                      1.33     0.6     0.229       691      91    3.44    3.23   0.25   0.15   +0.22    35.0    55.6    0.91    1.14
0.1 to 0.32                       4.75     2.2      0.22        59      86    1.56     1.5   0.23   0.18   +0.05    43.8    51.5   0.801   0.901
0.32 to 1                        17.19     7.0     0.197       4.2      85    1.07    1.06   0.25   0.23   +0.02    55.4    56.8   0.841   0.887
1 to 3.2                         45.25    14.0     0.149     0.351      73   0.989   0.939   0.29   0.27   +0.02    69.7    68.1   0.876   0.943
3.2 to 10                        27.01    40.0     0.713     0.248      70   0.964   0.906   0.29   0.28   +0.01    62.1    62.5   0.863   0.941
10 to 32                          3.10     8.6      1.34    0.0469      77   0.988   0.964   0.29   0.28   +0.00    39.5    40.7    0.95    0.98
32 to 1e+02                       0.23     5.3      11.4    0.0364      67   0.978    0.95   0.32   0.31   -0.01    30.0    36.4   0.952   0.983
1e+02 to 3.2e+02                  0.01     9.3       527     0.118      40   0.864   0.755   0.30   0.26   -0.01    20.9    20.3   0.735   0.863
3.2e+02 to 1e+03                  0.00     8.5  7.58e+03     0.152      62   0.873   0.952   0.33   0.30   +0.01    28.0    21.5   0.894   0.861
1e+03 to 3.2e+03                  0.00     4.1  4.68e+04     0.166      56   0.802   0.899   0.32   0.32   +0.02    45.7     0.9   0.882   0.779

## Worst per-pixel SSE tail (bin-edge approximate)
group                             pix%    SSE%       MSE    relSSE   orth%     EMr     pkR     wP     wR   shift   refM%   modM%  bright%
-----------------------------------------------------------------------------------------------------------------------------------------
worst_0.1pct_approx               0.19    60.3       155     0.227      68   0.972    0.94   0.34   0.33   +0.04    47.9    48.2     99.0
worst_1pct_approx                 1.28    66.4      24.9     0.183      69   0.981   0.951   0.34   0.33   +0.04    53.4    56.1     82.3
remainder                        98.72    33.6     0.164     0.102      67    0.98   0.933   0.28   0.26   +0.03    61.9    62.6      9.6
  worst_0.1pct_approx: pixel SSE >= 100; dominant channel of Bright part: 94:39%, 131:22%, 171:2%, 193:0%, 211:6%, 335:30%
  worst_1pct_approx: pixel SSE >= 31.6; dominant channel of Bright part: 94:22%, 131:23%, 171:8%, 193:2%, 211:11%, 335:34%

## Solver scatter (repeated AIA inputs)
groups by number of targets: {'1': 17445, '2': 10338, '3': 3028, '4': 415, '5': 19}; evicted: 29946

## Solver scatter, population
group                             pix%   modelMSE  scatterMSE    biasMSE  scatter%  biasOrth%     check
-------------------------------------------------------------------------------------------------------
full                            100.00      0.526      0.0784      0.448      14.9         73   5.6e-16
bright                           10.61       3.79       0.233       3.56       6.1         74   4.4e-16
quiet                            89.39      0.139      0.0601     0.0786      43.3         70   2.4e-16

## Solver scatter, by intensity over threshold
group                             pix%   modelMSE  scatterMSE    biasMSE  scatter%  biasOrth%     check
-------------------------------------------------------------------------------------------------------
<0.03x                            3.46     0.0149     0.00749    0.00739      50.3         16   5.6e-16
0.03-0.1x                         9.60     0.0326      0.0162     0.0164      49.7         42   3.7e-16
0.1-0.3x                         31.53     0.0794      0.0379     0.0415      47.7         62   2.2e-16
0.3-1x                           44.80      0.213      0.0891      0.123      41.9         72   6.9e-16
1-1.8x                            7.08       0.49       0.169      0.322      34.4         79   8.4e-16
1.8-3.2x                          2.36      0.878       0.262      0.616      29.9         83   1.8e-16
3.2-10x                           1.09       4.23       0.496       3.73      11.7         80   0.0e+00
10-32x                            0.07        131         1.3        130       1.0         74   1.6e-16
>=32x                             0.01   2.16e+03        2.32   2.16e+03       0.1         71   7.1e-16

Signed DEM error by logT bin (pred - ref, mean per pixel):
  bright -0.26 +0.28 -0.34 +0.16 -0.12 +0.12 +0.03 -0.02 -0.01 +0.13 -0.06 -0.02 -0.08 -0.26 -0.33 +0.10 +0.24 +0.18
  quiet  -0.12 +0.04 -0.03 +0.01 -0.01 +0.01 +0.01 +0.01 -0.01 +0.04 +0.01 -0.03 -0.06 -0.02 -0.11 +0.02 +0.04 +0.05
  logT    5.50  5.60  5.70  5.80  5.90  6.00  6.10  6.20  6.30  6.40  6.50  6.60  6.70  6.80  6.90  7.00  7.10  7.20
