# Bright-failure diagnostic: BP track
model /home/hsr3649/projects/dem/output/experiments/sweep/scaled_mlp6_barrier_h232.pt
blocks 48,960   valid pixel-targets 705,016,779

Columns: pix% share of pixels | SSE% share of total DEM squared error | MSE per bin |
relSSE error energy / reference energy | orth% of SSE orthogonal to the reference curve
(temperature placement) vs along it (scale) | EMr, pkR aggregate predicted/reference emission
and peak height | wP, wR EM-weighted logT width (dex) | shift mean logT pred-ref (dex) |
refM%, modM% multi-peaked | p50 median per-pixel SSE | top1% SSE share of the worst 1%

## Population
group                             pix%    SSE%       MSE    relSSE   orth%     EMr     pkR     wP     wR   shift   refM%   modM%       p50   top1%
--------------------------------------------------------------------------------------------------------------------------------------------------
full                            100.00   100.0      4.19     0.634       6   0.845   0.807   0.17   0.19   -0.04    13.5     7.4    0.0257    97.8
bright                           10.12    98.8      40.9     0.647       6   0.849    0.81   0.21   0.24   -0.04    23.8    11.1      2.82    96.1
quiet                            89.88     1.2    0.0583     0.247      25   0.841   0.805   0.16   0.18   -0.04    12.3     7.0    0.0162    41.1

## By intensity (max over channels of observed/threshold)
group                             pix%    SSE%       MSE    relSSE   orth%     EMr     pkR     wP     wR   shift   refM%   modM%       p50   top1%
--------------------------------------------------------------------------------------------------------------------------------------------------
<0.03x                            3.85     0.0  0.000394     0.668       5   0.845   0.691   0.15   0.14   +0.02     0.9    12.3  2.24e-05    85.8
0.03-0.1x                        10.51     0.0   0.00183     0.391      11   0.876   0.766   0.15   0.15   -0.01     3.2    10.4  0.000324    73.4
0.1-0.3x                         33.02     0.1      0.01     0.207      19   0.868   0.818   0.16   0.17   -0.04     8.6     7.2   0.00562    49.3
0.3-1x                           42.50     1.2     0.115     0.249      26   0.834   0.803   0.18   0.20   -0.05    18.5     5.6     0.107    29.4
1-1.8x                            6.53     0.9     0.548     0.168      39   0.873   0.836   0.19   0.23   -0.04    22.5     7.8      1.29    20.4
1.8-3.2x                          2.35     0.9      1.58     0.127      51   0.906   0.858   0.22   0.25   -0.03    24.0    12.0      5.37    17.6
3.2-10x                           1.15     3.1      11.1     0.168      45   0.866   0.847   0.25   0.27   -0.05    29.8    23.7      37.2    16.3
10-32x                            0.08     4.6       249      0.46      21   0.624   0.641   0.33   0.31   -0.18    43.0    71.0  2.34e+03     8.5
>=32x                             0.01    89.4  3.81e+04     0.796       3   0.411   0.235   0.41   0.23   -0.17    18.3    83.1  6.46e+04    73.1

## Bright, by channel with the largest observed/threshold
group                             pix%    SSE%       MSE    relSSE   orth%     EMr     pkR     wP     wR   shift   refM%   modM%       p50   top1%
--------------------------------------------------------------------------------------------------------------------------------------------------
94                                1.96    86.1       184     0.764       4   0.686   0.683   0.20   0.25   -0.10    28.1     8.8      2.14    96.7
131                               1.80     9.0        21     0.603       5   0.907    0.85   0.26   0.29   -0.02    56.9    38.7      1.29    96.9
171                               1.73     0.2     0.515     0.101      62   0.934   0.898   0.19   0.21   -0.02    24.0     6.5     0.708    30.7
193                               0.76     0.1     0.335    0.0532      71   0.975   0.935   0.17   0.19   +0.01     5.9     0.3     0.589    32.7
211                               1.57     0.9      2.41     0.109      90    1.03   0.875   0.19   0.21   +0.02     5.2     0.2      5.37    35.4
335                               2.30     2.5      4.54     0.186      30   0.772   0.778   0.21   0.24   -0.06    12.8     6.0      14.8    32.0
quiet                            89.88     1.2    0.0583     0.247      25   0.841   0.805   0.16   0.18   -0.04    12.3     7.0    0.0162    41.1

## Bright, inclusive by trigger channel (overlapping)
group                             pix%    SSE%       MSE    relSSE   orth%     EMr     pkR     wP     wR   shift   refM%   modM%       p50   top1%
--------------------------------------------------------------------------------------------------------------------------------------------------
94                                5.27    97.7      77.8     0.661       5   0.842   0.815   0.21   0.24   -0.05    24.6    11.3      4.07    96.0
131                               5.10    97.7      80.2     0.665       5    0.85   0.807   0.24   0.26   -0.03    32.7    20.2      3.89    96.0
171                               4.94    94.5      80.2     0.669       5   0.861   0.824   0.21   0.24   -0.03    26.2    12.3      2.69    96.8
193                               4.93    96.8      82.3     0.657       5   0.873   0.832   0.21   0.23   -0.02    18.4    10.0      4.27    96.4
211                               4.92    97.1      82.7     0.653       5   0.875   0.827   0.21   0.23   -0.01    16.0     9.7      5.62    96.0
335                               5.22    98.3      78.8     0.658       5   0.822   0.791   0.22   0.25   -0.05    19.8    11.4      8.91    95.4

## By number of trigger channels
group                             pix%    SSE%       MSE    relSSE   orth%     EMr     pkR     wP     wR   shift   refM%   modM%       p50   top1%
--------------------------------------------------------------------------------------------------------------------------------------------------
0                                89.88     1.2    0.0583     0.247      25   0.841   0.805   0.16   0.18   -0.04    12.3     7.0    0.0162    41.1
1                                 3.42     0.6     0.711     0.302      23   0.793   0.754   0.20   0.24   -0.06    26.6    10.6      1.35    24.0
2                                 1.69     0.4     0.903     0.221      31   0.876   0.828   0.20   0.23   -0.03    21.9     8.5      1.41    37.3
3                                 1.20     0.7      2.41     0.304      21   0.873   0.831   0.20   0.23   -0.03    23.1     8.5      2.24    65.9
4                                 0.96     0.8      3.27     0.286      24   0.874   0.844   0.20   0.24   -0.03    21.1     8.5      3.24    60.2
5                                 0.90     2.4      11.2     0.426      14   0.871    0.82   0.22   0.24   -0.02    21.5     9.8      5.37    80.1
6                                 1.93    93.9       204     0.679       5   0.847   0.812   0.24   0.26   -0.03    23.5    17.8      11.7    95.8

## Top exact trigger patterns by SSE share
group                             pix%    SSE%       MSE    relSSE   orth%     EMr     pkR     wP     wR   shift   refM%   modM%       p50   top1%
--------------------------------------------------------------------------------------------------------------------------------------------------
94+131+171+193+211+335            1.93    93.9       204     0.679       5   0.847   0.812   0.24   0.26   -0.03    23.5    17.8      11.7    95.8
94+131+193+211+335                0.26     2.1        34     0.504      10   0.807   0.783   0.23   0.25   -0.04    14.5     9.7      13.5    77.4
94+131+335                        0.04     0.4      50.9     0.678       6    0.46   0.391   0.31   0.30   -0.16    33.2    62.7      44.7    40.0
335                               0.90     0.4      1.89     0.454      14   0.609   0.577   0.19   0.24   -0.10    14.4     3.8      12.9    14.2
94+131+211+335                    0.07     0.4      21.7     0.517      14   0.625   0.703   0.26   0.27   -0.09    16.9    20.5        49    35.7
94+131+193+335                    0.00     0.1       127     0.755       4   0.515   0.381   0.26   0.29   -0.09    37.9    30.4      6.76    49.8
94+335                            0.13     0.1      4.01     0.527      12    0.56   0.617   0.21   0.23   -0.13    10.7     5.4        17    22.1
131+171+193+211+335               0.17     0.1      2.67     0.229      53   0.942   0.824   0.23   0.26   +0.03    22.1    12.1      4.27    20.7
94+131+171+193+335                0.11     0.1      3.28     0.452      17   0.749   0.861   0.21   0.28   -0.10    45.4    14.4       4.9    68.9
94                                0.80     0.1     0.363      0.27      27    0.78   0.834   0.18   0.25   -0.12    33.5     2.9     0.813    34.3
94+211+335                        0.10     0.1      2.74     0.213      29   0.828   0.827   0.19   0.21   -0.03     2.3     0.1      6.17    27.6
131+193+211+335                   0.10     0.1      2.41     0.173      65   0.966    0.85   0.22   0.27   +0.03    16.9     7.1      7.08    16.2

## By DEM shape (reference x model x Bright)
group                             pix%    SSE%       MSE    relSSE   orth%     EMr     pkR     wP     wR   shift   refM%   modM%       p50   top1%
--------------------------------------------------------------------------------------------------------------------------------------------------
ref uni / model uni / Quiet      75.01     0.8     0.047     0.201      26   0.883   0.828   0.16   0.16   -0.02     0.0     0.0    0.0117    47.7
ref uni / model uni / Bright      7.47    70.2      39.4     0.654       4   0.904   0.851   0.19   0.21   -0.01     0.0     0.0      1.78    97.2
ref uni / model multi / Quiet     3.81     0.0    0.0373     0.642      13    0.61   0.432   0.35   0.20   -0.17     0.0   100.0  1.02e-12    65.1
ref uni / model multi / Bright    0.24    22.1       394      0.74       6   0.482     0.4   0.32   0.28   -0.11     0.0   100.0      74.1    70.9
ref multi / model uni / Quiet     8.56     0.3     0.167      0.49      26   0.631   0.689   0.18   0.32   -0.17   100.0     0.0     0.537    18.9
ref multi / model uni / Bright    1.52     1.1      3.05     0.287      41   0.784   0.802   0.21   0.31   -0.14   100.0     0.0      8.13    57.4
ref multi / model multi / Quie    2.50     0.0    0.0548      0.26      35   0.838   0.767   0.29   0.32   -0.05   100.0   100.0     0.148    27.0
ref multi / model multi / Brig    0.89     5.3        25     0.462      18   0.826   0.814   0.30   0.33   -0.05   100.0   100.0      3.72    87.3

## Regression-to-mean check, by reference peak height
group                             pix%    SSE%       MSE    relSSE   orth%     EMr     pkR     wP     wR   shift   refM%   modM%    gPkR    gEMr
------------------------------------------------------------------------------------------------------------------------------------------------
<=0                               7.00     0.0  5.26e-05         -     100       -       -      -      -       -     0.0    37.7       -       -
<0.001                            0.32     0.0  2.53e-05       559      93    6.09    6.09   0.19   0.14   +0.11     0.0     8.4    1.13    1.26
0.001 to 0.0032                   0.64     0.0  2.62e-05      39.9      92    2.11    2.11   0.17   0.14   +0.09     0.1     5.9    0.67   0.718
0.0032 to 0.01                    1.87     0.0  3.08e-05      4.65      89    1.24    1.28   0.17   0.15   +0.07     1.0     5.1   0.637   0.669
0.01 to 0.032                     3.95     0.0  5.39e-05      0.88      75   0.986       1   0.16   0.16   +0.03     4.2     4.0   0.647   0.672
0.032 to 0.1                      6.42     0.0  0.000165     0.289      50   0.903   0.892   0.16   0.17   -0.02     8.0     3.7   0.582   0.623
0.1 to 0.32                      10.14     0.0   0.00132     0.222      32   0.843   0.834   0.16   0.17   -0.06    10.9     4.6   0.509   0.541
0.32 to 1                        29.95     0.1   0.00883     0.126      41   0.885   0.899   0.17   0.19   -0.04    14.7     5.1   0.746   0.749
1 to 3.2                         28.08     0.6    0.0889     0.189      32   0.834    0.83   0.17   0.20   -0.05    18.7     5.0   0.741   0.761
3.2 to 10                         9.53     1.5     0.663     0.169      34   0.855   0.792   0.19   0.22   -0.04    17.3     5.6   0.686   0.765
10 to 32                          1.90     2.7      5.88     0.162      43   0.885   0.815   0.22   0.25   -0.02    16.5    12.3   0.756   0.864
32 to 1e+02                       0.20     4.7        98     0.324      31   0.769   0.769   0.27   0.28   -0.08    20.5    30.8   0.723    0.77
1e+02 to 3.2e+02                  0.01     6.4  2.37e+03     0.658      10   0.456   0.325   0.39   0.24   -0.17    17.7    76.5   0.269   0.407
3.2e+02 to 1e+03                  0.00    10.8  1.94e+04     0.691       6   0.409    0.21   0.40   0.18   -0.11    10.3    75.1   0.173   0.358
1e+03 to 3.2e+03                  0.00    13.6  1.63e+05     0.691       5   0.422   0.189   0.36   0.16   -0.06    10.2    44.4   0.172   0.406
>=3.2e+03                         0.00    59.7  6.55e+06     0.864       1   0.236   0.109   0.34   0.16   -0.04     4.1    17.5   0.124   0.295

## Worst per-pixel SSE tail (bin-edge approximate)
group                             pix%    SSE%       MSE    relSSE   orth%     EMr     pkR     wP     wR   shift   refM%   modM%  bright%
-----------------------------------------------------------------------------------------------------------------------------------------
worst_0.1pct_approx               0.12    95.2  3.43e+03     0.773       4   0.509    0.44   0.32   0.28   -0.21    22.4    60.9    100.0
worst_1pct_approx                 1.33    98.1       309     0.723       5   0.686   0.607   0.23   0.28   -0.10    26.1    20.0     87.4
remainder                        98.67     1.9    0.0813    0.0869      43   0.876   0.848   0.17   0.19   -0.04    13.3     7.3      9.1
  worst_0.1pct_approx: pixel SSE >= 1e+03; dominant channel of Bright part: 94:62%, 131:5%, 171:0%, 193:0%, 211:8%, 335:25%
  worst_1pct_approx: pixel SSE >= 56.2; dominant channel of Bright part: 94:20%, 131:10%, 171:5%, 193:1%, 211:17%, 335:47%

## Solver scatter (repeated AIA inputs)
groups by number of targets: {'1': 17445, '2': 10338, '3': 3028, '4': 415, '5': 19}; evicted: 29946

## Solver scatter, population
group                             pix%   modelMSE  scatterMSE    biasMSE  scatter%  biasOrth%     check
-------------------------------------------------------------------------------------------------------
full                            100.00       6.03       0.035          6       0.6          4   1.5e-15
bright                           10.38       57.7       0.225       57.4       0.4          4   1.5e-15
quiet                            89.62     0.0543       0.013     0.0413      24.0         28   2.7e-16

## Solver scatter, by intensity over threshold
group                             pix%   modelMSE  scatterMSE    biasMSE  scatter%  biasOrth%     check
-------------------------------------------------------------------------------------------------------
<0.03x                            3.98   0.000346     0.00014   0.000206      40.6          7   3.1e-16
0.03-0.1x                        10.85    0.00151     0.00055   0.000962      36.4         15   2.1e-16
0.1-0.3x                         33.13    0.00941     0.00367    0.00575      38.9         25   8.9e-17
0.3-1x                           41.66      0.109      0.0249      0.084      22.9         28   0.0e+00
1-1.8x                            6.59      0.507      0.0829      0.424      16.3         40   2.7e-16
1.8-3.2x                          2.45        1.5        0.18       1.32      12.0         52   2.4e-16
3.2-10x                           1.24       11.1       0.497       10.6       4.5         45   1.3e-16
10-32x                            0.08        252        2.75        249       1.1         21   1.7e-16
>=32x                             0.01   5.26e+04        47.1   5.26e+04       0.1          2   4.1e-16

Signed DEM error by logT bin (pred - ref, mean per pixel):
  bright -0.24 -0.11 -0.07 -0.04 -0.05 +0.04 +0.26 +0.21 -0.55 -0.07 -0.55 -0.80 -0.80 -0.81 -0.61 -0.30 -0.14 -0.07
  quiet  -0.04 -0.02 -0.02 -0.01 -0.00 +0.01 +0.03 +0.02 -0.05 -0.04 -0.09 -0.11 -0.07 -0.04 -0.02 -0.02 -0.02 -0.02
  logT    5.50  5.60  5.70  5.80  5.90  6.00  6.10  6.20  6.30  6.40  6.50  6.60  6.70  6.80  6.90  7.00  7.10  7.20
