# Bright-failure diagnostic: BP track, supervised model
model /home/hsr3649/projects/dem/eval_and_enet_specs/checkpoints/model_best_bp.pth
blocks 48,960   valid pixel-targets 705,016,779

Columns: pix% share of pixels | SSE% share of total DEM squared error | MSE per bin |
relSSE error energy / reference energy | orth% of SSE orthogonal to the reference curve
(temperature placement) vs along it (scale) | EMr, pkR aggregate predicted/reference emission
and peak height | wP, wR EM-weighted logT width (dex) | shift mean logT pred-ref (dex) |
refM%, modM% multi-peaked | p50 median per-pixel SSE | top1% SSE share of the worst 1%

## Population
group                             pix%    SSE%       MSE    relSSE   orth%     EMr     pkR     wP     wR   shift   refM%   modM%       p50   top1%
--------------------------------------------------------------------------------------------------------------------------------------------------
full                            100.00   100.0     0.906     0.137      17       1   0.949   0.29   0.19   +0.05    13.5    41.1     0.112    95.2
bright                           10.12    96.7      8.66     0.137      16   0.962    0.93   0.26   0.24   +0.01    23.8    18.8      1.78    95.2
quiet                            89.88     3.3    0.0335     0.142      53    1.05   0.968   0.30   0.18   +0.06    12.3    43.6    0.0851    36.7

## By intensity (max over channels of observed/threshold)
group                             pix%    SSE%       MSE    relSSE   orth%     EMr     pkR     wP     wR   shift   refM%   modM%       p50   top1%
--------------------------------------------------------------------------------------------------------------------------------------------------
<0.03x                            3.85     0.0  0.000607      1.03      47    2.67    1.59   0.44   0.14   +0.16     0.9    96.2   0.00372    49.2
0.03-0.1x                        10.51     0.0   0.00232     0.495      38    1.44    1.11   0.39   0.15   +0.11     3.2    81.5   0.00933    52.3
0.1-0.3x                         33.02     0.4    0.0105     0.218      47    1.11    1.01   0.31   0.17   +0.07     8.6    47.8    0.0513    36.1
0.3-1x                           42.50     2.9     0.062     0.134      54    1.03   0.954   0.26   0.20   +0.03    18.5    26.2     0.245    29.4
1-1.8x                            6.53     1.7     0.243    0.0744      59   0.994   0.946   0.26   0.23   +0.01    22.5    18.4     0.977    26.5
1.8-3.2x                          2.35     1.4     0.548    0.0441      59   0.964   0.936   0.26   0.25   +0.01    24.0    17.5      2.95    25.6
3.2-10x                           1.15     2.4      1.85    0.0279      50   0.933    0.91   0.28   0.27   +0.00    29.8    22.5      14.1    18.3
10-32x                            0.08     1.1      13.5    0.0249      44   0.918   0.903   0.31   0.31   -0.00    43.0    36.0       135    14.6
>=32x                             0.01    90.0   8.3e+03     0.173      13   0.923   0.913   0.23   0.23   +0.00    18.3    12.8  1.12e+03    97.5

## Bright, by channel with the largest observed/threshold
group                             pix%    SSE%       MSE    relSSE   orth%     EMr     pkR     wP     wR   shift   refM%   modM%       p50   top1%
--------------------------------------------------------------------------------------------------------------------------------------------------
94                                1.96    75.1      34.8     0.144      16   0.944   0.932   0.27   0.25   -0.00    28.1    21.2      1.41    98.6
131                               1.80    17.4      8.77     0.252      10   0.959     0.9   0.34   0.29   +0.02    56.9    53.2      1.29    96.4
171                               1.73     0.5     0.281    0.0553      58    0.97   0.894   0.24   0.21   +0.01    24.0    18.6     0.977    31.3
193                               0.76     0.2     0.232    0.0368      60   0.975   0.941   0.22   0.19   +0.01     5.9     2.6     0.977    34.1
211                               1.57     1.1     0.636    0.0288      55   0.941    0.94   0.23   0.21   -0.00     5.2     1.8      3.09    25.9
335                               2.30     2.3     0.904     0.037      54   0.984   0.941   0.25   0.24   +0.01    12.8     6.8      3.72    24.2
quiet                            89.88     3.3    0.0335     0.142      53    1.05   0.968   0.30   0.18   +0.06    12.3    43.6    0.0851    36.7

## Bright, inclusive by trigger channel (overlapping)
group                             pix%    SSE%       MSE    relSSE   orth%     EMr     pkR     wP     wR   shift   refM%   modM%       p50   top1%
--------------------------------------------------------------------------------------------------------------------------------------------------
94                                5.27    94.6      16.3     0.138      15   0.947   0.928   0.26   0.24   +0.00    24.6    18.4      2.45    96.6
131                               5.10    95.0      16.9      0.14      15   0.948   0.919   0.29   0.26   +0.01    32.7    26.5      2.69    96.3
171                               4.94    94.2      17.3     0.144      15   0.947   0.916   0.26   0.24   +0.01    26.2    19.6      2.14    96.8
193                               4.93    94.7      17.4     0.139      15   0.947   0.927   0.25   0.23   +0.00    18.4    11.6      2.82    96.4
211                               4.92    94.8      17.5     0.138      15   0.948   0.932   0.25   0.23   +0.00    16.0     9.8      3.09    96.3
335                               5.22    95.6      16.6     0.138      16   0.958   0.929   0.26   0.25   +0.01    19.8    13.1      3.72    95.6

## By number of trigger channels
group                             pix%    SSE%       MSE    relSSE   orth%     EMr     pkR     wP     wR   shift   refM%   modM%       p50   top1%
--------------------------------------------------------------------------------------------------------------------------------------------------
0                                89.88     3.3    0.0335     0.142      53    1.05   0.968   0.30   0.18   +0.06    12.3    43.6    0.0851    36.7
1                                 3.42     1.1     0.296     0.126      56    1.01   0.942   0.27   0.24   +0.02    26.6    24.7     0.933    26.7
2                                 1.69     0.5     0.279    0.0682      58   0.992   0.938   0.26   0.23   +0.01    21.9    17.0      1.07    30.1
3                                 1.20     0.5     0.401    0.0507      59   0.981   0.938   0.26   0.23   +0.01    23.1    16.9      1.48    33.7
4                                 0.96     0.5     0.502    0.0439      60   0.974   0.939   0.25   0.24   +0.01    21.1    13.6      2.04    31.6
5                                 0.90     0.9     0.898    0.0341      56   0.963   0.931   0.26   0.24   +0.01    21.5    12.7      2.95    40.9
6                                 1.93    93.1      43.6     0.145      15   0.934   0.919   0.26   0.26   +0.00    23.5    16.4      6.46    97.2

## Top exact trigger patterns by SSE share
group                             pix%    SSE%       MSE    relSSE   orth%     EMr     pkR     wP     wR   shift   refM%   modM%       p50   top1%
--------------------------------------------------------------------------------------------------------------------------------------------------
94+131+171+193+211+335            1.93    93.1      43.6     0.145      15   0.934   0.919   0.26   0.26   +0.00    23.5    16.4      6.46    97.2
335                               0.90     0.7     0.671     0.162      58    1.06   0.971   0.25   0.24   +0.02    14.4     8.1      2.82    18.1
94+131+193+211+335                0.26     0.4       1.4    0.0208      58   0.952   0.944   0.26   0.25   -0.00    14.5     8.7      5.13    48.1
131+171+193+211+335               0.17     0.3      1.47     0.126      48    0.96   0.882   0.27   0.26   +0.02    22.1    10.0      3.55    25.6
131                               0.67     0.1       0.2     0.194      45    1.01   0.886   0.37   0.29   +0.03    57.0    62.0     0.708    34.8
94                                0.80     0.1     0.163     0.121      46   0.947   0.919   0.28   0.25   -0.00    33.5    30.3     0.741    22.8
131+193+211+335                   0.10     0.1      1.13    0.0808      58   0.966   0.922   0.29   0.27   +0.01    16.9     6.5       4.9    20.9
193+211+335                       0.21     0.1     0.448    0.0475      67   0.981   0.944   0.22   0.20   +0.00     3.2     1.0      2.14    20.8
94+131+211+335                    0.07     0.1      1.23    0.0293      61   0.984   0.958   0.27   0.27   +0.00    16.9    11.0      6.76    25.9
211+335                           0.24     0.1     0.373     0.045      68    1.01   0.951   0.23   0.21   +0.01     3.0     0.9      1.86    22.1
131+171                           0.44     0.1     0.194     0.146      39   0.994   0.851   0.29   0.24   +0.03    31.7    28.8     0.646    42.0
94+131+335                        0.04     0.1      2.39    0.0318      55   0.992   0.959   0.30   0.30   +0.01    33.2    25.1      5.89    44.6

## By DEM shape (reference x model x Bright)
group                             pix%    SSE%       MSE    relSSE   orth%     EMr     pkR     wP     wR   shift   refM%   modM%       p50   top1%
--------------------------------------------------------------------------------------------------------------------------------------------------
ref uni / model uni / Quiet      47.85     2.0    0.0372     0.108      55    1.04   0.983   0.23   0.16   +0.03     0.0     0.0     0.123    36.7
ref uni / model uni / Bright      7.30    92.9      11.5     0.147      15   0.969   0.937   0.24   0.21   +0.01     0.0     0.0      1.48    96.8
ref uni / model multi / Quiet    30.96     0.5     0.016     0.395      46     1.3   0.947   0.41   0.16   +0.15     0.0   100.0    0.0155    53.7
ref uni / model multi / Bright    0.41     0.9      1.93     0.216      29    1.04   0.878   0.36   0.24   +0.09     0.0   100.0      1.48    79.8
ref multi / model uni / Quiet     2.83     0.3    0.0993     0.213      58   0.916   0.919   0.28   0.29   -0.03   100.0     0.0     0.708    15.2
ref multi / model uni / Bright    0.92     1.1      1.08      0.04      60   0.932   0.923   0.29   0.30   -0.02   100.0     0.0      4.27    42.5
ref multi / model multi / Quie    8.23     0.5    0.0548     0.212      49   0.974   0.905   0.37   0.33   -0.00   100.0   100.0     0.245    22.5
ref multi / model multi / Brig    1.49     1.8      1.12    0.0423      53   0.933   0.889   0.35   0.33   -0.00   100.0   100.0      2.45    56.0

## Regression-to-mean check, by reference peak height
group                             pix%    SSE%       MSE    relSSE   orth%     EMr     pkR     wP     wR   shift   refM%   modM%    gPkR    gEMr
------------------------------------------------------------------------------------------------------------------------------------------------
<=0                               7.00     0.0    0.0011         -     100       -       -      -      -       -     0.0    98.4       -       -
<0.001                            0.32     0.0    0.0017  3.75e+04      99     162     108   0.50   0.14   +0.39     0.0    96.3     109     211
0.001 to 0.0032                   0.64     0.0   0.00195  2.97e+03      99    39.6    27.2   0.49   0.14   +0.37     0.1    95.8    20.5      39
0.0032 to 0.01                    1.87     0.0    0.0024       362      99    13.4     9.6   0.49   0.15   +0.35     1.0    95.2    7.04      13
0.01 to 0.032                     3.95     0.0   0.00362      59.1      98     5.4    4.05   0.46   0.16   +0.28     4.2    93.4    2.96    5.11
0.032 to 0.1                      6.42     0.0   0.00555      9.68      94    2.65    2.11   0.41   0.17   +0.17     8.0    83.6    1.72    2.59
0.1 to 0.32                      10.14     0.1    0.0083       1.4      85    1.51    1.32   0.34   0.17   +0.07    10.9    61.9    1.18    1.55
0.32 to 1                        29.95     0.5    0.0165     0.235      80    1.14    1.07   0.28   0.19   +0.03    14.7    31.3    1.01    1.17
1 to 3.2                         28.08     1.6    0.0531     0.113      63       1   0.954   0.25   0.20   +0.00    18.7    19.3    0.92    1.01
3.2 to 10                         9.53     2.8     0.268    0.0685      52   0.962   0.905   0.24   0.22   +0.01    17.3    12.3    0.87   0.962
10 to 32                          1.90     2.9      1.36    0.0374      49   0.939     0.9   0.26   0.25   +0.01    16.5    11.2   0.879   0.944
32 to 1e+02                       0.20     1.7       7.7    0.0254      42   0.917    0.89   0.28   0.28   +0.00    20.5    13.4   0.885    0.92
1e+02 to 3.2e+02                  0.01     0.8        64    0.0178      45    0.93   0.922   0.24   0.24   -0.00    17.7    11.7   0.913   0.935
3.2e+02 to 1e+03                  0.00     1.2       464    0.0166      46   0.935   0.931   0.18   0.18   +0.00    10.3     6.0   0.927   0.942
1e+03 to 3.2e+03                  0.00     2.2  5.61e+03    0.0237      49   0.937   0.923   0.16   0.16   +0.00    10.2     6.1   0.917   0.941
>=3.2e+03                         0.00    86.1  2.04e+06      0.27      12   0.753   0.705   0.16   0.16   -0.01     4.1     4.5   0.766   0.855

## Worst per-pixel SSE tail (bin-edge approximate)
group                             pix%    SSE%       MSE    relSSE   orth%     EMr     pkR     wP     wR   shift   refM%   modM%  bright%
-----------------------------------------------------------------------------------------------------------------------------------------
worst_0.1pct_approx               0.20    92.8       421     0.163      14   0.912   0.851   0.30   0.30   +0.05    27.1    21.6     94.8
worst_1pct_approx                 1.49    95.8      58.3     0.152      15   0.914   0.837   0.29   0.28   +0.03    28.0    23.3     75.8
remainder                        98.51     4.2    0.0382    0.0419      64    1.02   0.972   0.30   0.19   +0.05    13.3    41.4      9.1
  worst_0.1pct_approx: pixel SSE >= 100; dominant channel of Bright part: 94:29%, 131:15%, 171:5%, 193:2%, 211:13%, 335:35%
  worst_1pct_approx: pixel SSE >= 17.8; dominant channel of Bright part: 94:20%, 131:13%, 171:8%, 193:3%, 211:18%, 335:38%

## Solver scatter (repeated AIA inputs)
groups by number of targets: {'1': 17445, '2': 10338, '3': 3028, '4': 415, '5': 19}; evicted: 29946

## Solver scatter, population
group                             pix%   modelMSE  scatterMSE    biasMSE  scatter%  biasOrth%     check
-------------------------------------------------------------------------------------------------------
full                            100.00       1.58       0.035       1.54       2.2         14   5.4e-16
bright                           10.38       14.9       0.225       14.7       1.5         13   3.7e-16
quiet                            89.62      0.031       0.013     0.0179      42.0         63   8.0e-17

## Solver scatter, by intensity over threshold
group                             pix%   modelMSE  scatterMSE    biasMSE  scatter%  biasOrth%     check
-------------------------------------------------------------------------------------------------------
<0.03x                            3.98   0.000561     0.00014    0.00042      25.0         62   0.0e+00
0.03-0.1x                        10.85    0.00202     0.00055    0.00147      27.3         53   3.2e-16
0.1-0.3x                         33.13    0.00992     0.00367    0.00625      37.0         60   0.0e+00
0.3-1x                           41.66     0.0581      0.0249     0.0332      42.9         64   1.0e-15
1-1.8x                            6.59      0.218      0.0829      0.135      38.1         66   2.3e-16
1.8-3.2x                          2.45      0.493        0.18      0.312      36.6         62   2.8e-16
3.2-10x                           1.24       1.77       0.497       1.27      28.1         47   6.0e-16
10-32x                            0.08       13.1        2.75       10.3      21.1         42   1.0e-16
>=32x                             0.01   1.41e+04        47.1    1.4e+04       0.3         12   1.9e-16

Signed DEM error by logT bin (pred - ref, mean per pixel):
  bright -0.05 -0.03 -0.03 -0.03 -0.04 -0.07 -0.11 -0.14 -0.19 -0.16 -0.06 -0.01 -0.03 -0.08 -0.08 -0.05 -0.02 -0.02
  quiet  +0.00 +0.01 +0.01 +0.01 +0.00 -0.01 -0.03 -0.01 +0.04 +0.03 +0.03 +0.03 +0.02 +0.00 +0.00 +0.01 -0.00 -0.00
  logT    5.50  5.60  5.70  5.80  5.90  6.00  6.10  6.20  6.30  6.40  6.50  6.60  6.70  6.80  6.90  7.00  7.10  7.20
