# Bright-failure diagnostic: ENET track, supervised model
model /home/hsr3649/projects/dem/eval_and_enet_specs/checkpoints/model_best_en.pth
blocks 48,960   valid pixel-targets 802,160,640

Columns: pix% share of pixels | SSE% share of total DEM squared error | MSE per bin |
relSSE error energy / reference energy | orth% of SSE orthogonal to the reference curve
(temperature placement) vs along it (scale) | EMr, pkR aggregate predicted/reference emission
and peak height | wP, wR EM-weighted logT width (dex) | shift mean logT pred-ref (dex) |
refM%, modM% multi-peaked | p50 median per-pixel SSE | top1% SSE share of the worst 1%

## Population
group                             pix%    SSE%       MSE    relSSE   orth%     EMr     pkR     wP     wR   shift   refM%   modM%       p50   top1%
--------------------------------------------------------------------------------------------------------------------------------------------------
full                            100.00   100.0     0.318    0.0954      44    0.89    0.83   0.31   0.26   +0.01    61.8    64.9      1.12    49.4
bright                           10.50    63.5      1.93    0.0744      43   0.868   0.856   0.33   0.31   +0.00    61.5    56.2      7.08    62.1
quiet                            89.50    36.5      0.13     0.187      47   0.907   0.816   0.31   0.25   +0.02    61.8    65.9     0.891    12.1

## By intensity (max over channels of observed/threshold)
group                             pix%    SSE%       MSE    relSSE   orth%     EMr     pkR     wP     wR   shift   refM%   modM%       p50   top1%
--------------------------------------------------------------------------------------------------------------------------------------------------
<0.03x                            3.48     0.2    0.0146     0.694      18    1.13    0.57   0.31   0.17   +0.05    28.4    90.3    0.0589    20.7
0.03-0.1x                         9.65     1.0    0.0319     0.508      30    1.05   0.689   0.31   0.21   +0.02    41.6    63.9     0.186    15.0
0.1-0.3x                         31.63     7.7    0.0773     0.326      46   0.968   0.799   0.29   0.23   +0.02    55.6    58.4     0.537    11.6
0.3-1x                           44.74    27.7     0.197     0.163      49   0.886    0.83   0.32   0.28   +0.01    73.3    69.7      1.78     9.6
1-1.8x                            7.02    10.3     0.468    0.0895      46   0.859   0.843   0.33   0.31   +0.01    66.1    60.9      5.13     8.7
1.8-3.2x                          2.33     6.3     0.859    0.0535      45   0.883   0.871   0.33   0.31   +0.01    54.6    49.3      10.2     9.6
3.2-10x                           1.06     9.2      2.76    0.0359      28   0.872   0.863   0.34   0.32   +0.00    47.6    41.2      32.4     7.3
10-32x                            0.07     3.8      17.2     0.031      15    0.85   0.857   0.34   0.34   -0.00    45.7    42.0       234     7.9
>=32x                             0.01    33.9  1.14e+03      0.14      49   0.868   0.916   0.26   0.26   +0.01    21.3    18.2  1.35e+03    85.4

## Bright, by channel with the largest observed/threshold
group                             pix%    SSE%       MSE    relSSE   orth%     EMr     pkR     wP     wR   shift   refM%   modM%       p50   top1%
--------------------------------------------------------------------------------------------------------------------------------------------------
94                                1.94    19.9      3.27    0.0538      41   0.852   0.836   0.34   0.33   -0.00    79.6    80.1      7.76    69.9
131                               1.83    25.2      4.38     0.254      47   0.853   0.821   0.45   0.42   +0.01    85.7    78.4      7.08    85.3
171                               1.87     2.8     0.469    0.0715      51   0.891   0.849   0.32   0.29   +0.01    85.1    83.3       4.9     9.2
193                               0.86     1.2     0.442    0.0602      46   0.865   0.852   0.29   0.26   +0.00    53.0    42.8      5.13    10.2
211                               1.72     5.3      0.97    0.0465      33   0.857   0.849   0.28   0.26   +0.00    33.6    22.1      7.76    23.9
335                               2.27     9.2      1.29    0.0433      38   0.886   0.896   0.30   0.28   +0.00    31.5    26.4      10.7    15.2
quiet                            89.50    36.5      0.13     0.187      47   0.907   0.816   0.31   0.25   +0.02    61.8    65.9     0.891    12.1

## Bright, inclusive by trigger channel (overlapping)
group                             pix%    SSE%       MSE    relSSE   orth%     EMr     pkR     wP     wR   shift   refM%   modM%       p50   top1%
--------------------------------------------------------------------------------------------------------------------------------------------------
94                                5.05    54.6      3.44    0.0733      42   0.866   0.854   0.34   0.32   -0.00    63.7    59.7      10.2    68.2
131                               5.03    54.0      3.42    0.0737      42   0.868   0.855   0.38   0.36   +0.01    65.3    58.7      9.77    68.7
171                               5.00    52.2      3.32    0.0774      43   0.872   0.857   0.34   0.32   +0.01    69.6    65.6      8.51    70.9
193                               5.00    53.7      3.42    0.0725      42    0.87   0.862   0.32   0.30   +0.00    52.9    46.7      9.33    69.4
211                               5.00    54.0      3.44    0.0709      42    0.87   0.862   0.31   0.29   +0.00    44.0    36.8      9.77    68.9
335                               5.01    55.9      3.55    0.0721      43   0.875   0.875   0.31   0.30   +0.00    41.8    35.9      11.7    66.5

## By number of trigger channels
group                             pix%    SSE%       MSE    relSSE   orth%     EMr     pkR     wP     wR   shift   refM%   modM%       p50   top1%
--------------------------------------------------------------------------------------------------------------------------------------------------
0                                89.50    36.5      0.13     0.187      47   0.907   0.816   0.31   0.25   +0.02    61.8    65.9     0.891    12.1
1                                 3.75     5.9     0.504     0.114      48   0.865   0.851   0.33   0.31   +0.01    69.2    64.3       4.9    14.7
2                                 1.86     2.9     0.496    0.0772      44   0.859   0.837   0.34   0.31   +0.01    64.4    59.0      5.62     9.6
3                                 1.28     2.5     0.634    0.0626      43   0.862   0.847   0.33   0.31   +0.00    61.9    57.2      7.08    12.8
4                                 0.98     2.4     0.769     0.054      43    0.87   0.858   0.33   0.31   +0.00    58.7    54.3      8.51    14.4
5                                 0.91     3.2      1.11    0.0445      40   0.876   0.865   0.33   0.31   +0.00    56.6    51.0      10.2    24.4
6                                 1.72    46.6      8.62    0.0766      42   0.871   0.868   0.33   0.32   +0.00    45.4    38.5      20.4    74.3

## Top exact trigger patterns by SSE share
group                             pix%    SSE%       MSE    relSSE   orth%     EMr     pkR     wP     wR   shift   refM%   modM%       p50   top1%
--------------------------------------------------------------------------------------------------------------------------------------------------
94+131+171+193+211+335            1.72    46.6      8.62    0.0766      42   0.871   0.868   0.33   0.32   +0.00    45.4    38.5      20.4    74.3
335                               0.95     2.5     0.831     0.105      59    0.91   0.946   0.28   0.27   +0.01    42.5    38.0      7.08    15.9
94+131+193+211+335                0.23     1.4      1.88    0.0325      27   0.865   0.864   0.32   0.31   -0.00    31.7    19.9        17    24.1
94                                0.83     1.3     0.492     0.143      36   0.822    0.76   0.33   0.32   -0.01    88.8    89.8      5.13     7.5
131                               0.70     1.0     0.445     0.181      42   0.836   0.765   0.48   0.43   +0.02    85.3    77.1      5.13     9.0
131+171                           0.48     0.6     0.402      0.15      47   0.862   0.791   0.43   0.38   +0.02    91.3    86.6      4.68     7.7
171                               0.66     0.6     0.273     0.134      50    0.88   0.817   0.30   0.27   +0.01    90.1    88.4      2.95     7.6
94+131+171+193+211                0.23     0.5     0.743    0.0678      53   0.876   0.869   0.36   0.34   +0.01    92.7    92.3      7.76    20.0
131+171+193+211+335               0.20     0.5     0.812     0.052      46    0.89   0.862   0.32   0.30   +0.01    37.2    29.9      9.33    14.9
211+335                           0.25     0.5     0.639    0.0542      44   0.869   0.862   0.28   0.26   -0.00    11.5     5.2      7.76     8.0
94+193+211+335                    0.19     0.5     0.801    0.0499      42   0.871   0.856   0.26   0.25   -0.00    20.8    16.1      10.2     8.0
193+211+335                       0.23     0.5     0.648    0.0537      43   0.868   0.854   0.28   0.26   -0.00    13.8    12.5      8.13    10.0

## By DEM shape (reference x model x Bright)
group                             pix%    SSE%       MSE    relSSE   orth%     EMr     pkR     wP     wR   shift   refM%   modM%       p50   top1%
--------------------------------------------------------------------------------------------------------------------------------------------------
ref uni / model uni / Quiet      21.78     9.0     0.131     0.146      45   0.915   0.833   0.26   0.20   -0.00     0.0     0.0     0.851    12.5
ref uni / model uni / Bright      3.63    26.0      2.28    0.0489      36   0.875   0.868   0.29   0.27   +0.01     0.0     0.0      8.51    56.9
ref uni / model multi / Quiet    12.37     3.6    0.0917     0.299      39   0.971   0.704   0.31   0.17   +0.06     0.0   100.0     0.309    17.5
ref uni / model multi / Bright    0.41     1.3      1.02    0.0732      51   0.888    0.87   0.32   0.27   +0.05     0.0   100.0      8.13    28.9
ref multi / model uni / Quiet     8.73     4.2     0.151     0.221      59   0.926   0.903   0.30   0.28   -0.00   100.0     0.0      1.29    10.6
ref multi / model uni / Bright    0.97    22.8      7.49     0.243      51   0.867   0.872   0.32   0.31   -0.01   100.0     0.0      9.33    88.1
ref multi / model multi / Quie   46.62    19.8     0.135     0.193      48   0.893   0.807   0.33   0.29   +0.02   100.0   100.0      1.02    11.2
ref multi / model multi / Brig    5.49    13.4     0.778    0.0641      41    0.86   0.838   0.36   0.34   +0.00   100.0   100.0      6.17    28.2

## Regression-to-mean check, by reference peak height
group                             pix%    SSE%       MSE    relSSE   orth%     EMr     pkR     wP     wR   shift   refM%   modM%    gPkR    gEMr
------------------------------------------------------------------------------------------------------------------------------------------------
<=0                               0.32     0.0   0.00582         -     100       -       -      -      -       -     0.0    72.2       -       -
<0.001                            0.07     0.0    0.0045  2.68e+05      98 1.05e+03     399   0.28   0.03   +0.63     1.4    79.4     674 2.24e+03
0.001 to 0.0032                   0.12     0.0   0.00537  1.93e+04      99     246    95.7   0.27   0.02   +0.68     4.4    74.4    81.1     274
0.0032 to 0.01                    0.23     0.0   0.00536  2.19e+03      98    80.5    32.9   0.27   0.05   +0.60    12.9    74.7      28    90.3
0.01 to 0.032                     0.39     0.0   0.00641       208      95    22.6    10.1   0.28   0.10   +0.38    25.0    75.9    8.26    25.2
0.032 to 0.1                      1.33     0.0   0.00943      28.5      94    7.42    3.84   0.30   0.15   +0.26    35.0    78.0    3.08    8.31
0.1 to 0.32                       4.75     0.2    0.0129      3.46      90    2.63     1.6   0.30   0.18   +0.07    43.8    77.4    1.36    2.97
0.32 to 1                        17.19     1.7    0.0312     0.664      77    1.21   0.978   0.31   0.23   +0.02    55.4    68.7   0.875    1.36
1 to 3.2                         45.25    15.4     0.108     0.255      58   0.918   0.834   0.32   0.27   +0.01    69.7    67.8   0.783   0.968
3.2 to 10                        27.01    29.6     0.349     0.121      42   0.851   0.797   0.31   0.28   -0.01    62.1    58.2   0.762   0.866
10 to 32                          3.10    11.9      1.22     0.043      34   0.873   0.848   0.30   0.28   -0.00    39.5    33.5   0.838   0.874
32 to 1e+02                       0.23     7.1      9.96     0.032      16   0.848   0.849   0.32   0.31   -0.00    30.0    22.0   0.847    0.85
1e+02 to 3.2e+02                  0.01     3.6       135    0.0303      22   0.848   0.879   0.26   0.26   +0.01    20.9    18.2   0.874    0.85
3.2e+02 to 1e+03                  0.00    16.8  9.92e+03     0.199      47   0.912   0.999   0.29   0.30   +0.03    28.0    13.2    0.93   0.874
1e+03 to 3.2e+03                  0.00    13.6  1.02e+05     0.362      57    1.06    1.19   0.28   0.32   +0.06    45.7     2.9    1.12       1

## Worst per-pixel SSE tail (bin-edge approximate)
group                             pix%    SSE%       MSE    relSSE   orth%     EMr     pkR     wP     wR   shift   refM%   modM%  bright%
-----------------------------------------------------------------------------------------------------------------------------------------
worst_0.1pct_approx               0.22    42.0      61.1    0.0954      43   0.846   0.871   0.32   0.31   +0.00    37.0    27.6     99.3
worst_1pct_approx                 1.25    50.8        13    0.0871      42   0.845   0.838   0.33   0.31   -0.02    47.9    42.1     83.7
remainder                        98.75    49.2     0.158     0.106      47   0.897   0.829   0.31   0.26   +0.02    62.0    65.2      9.6
  worst_0.1pct_approx: pixel SSE >= 100; dominant channel of Bright part: 94:34%, 131:11%, 171:1%, 193:0%, 211:14%, 335:40%
  worst_1pct_approx: pixel SSE >= 31.6; dominant channel of Bright part: 94:24%, 131:14%, 171:6%, 193:2%, 211:16%, 335:38%

## Solver scatter (repeated AIA inputs)
groups by number of targets: {'1': 17445, '2': 10338, '3': 3028, '4': 415, '5': 19}; evicted: 29946

## Solver scatter, population
group                             pix%   modelMSE  scatterMSE    biasMSE  scatter%  biasOrth%     check
-------------------------------------------------------------------------------------------------------
full                            100.00      0.388      0.0784       0.31      20.2         46   2.0e-15
bright                           10.61       2.56       0.233       2.33       9.1         45   2.5e-15
quiet                            89.39      0.131      0.0601     0.0707      45.9         51   6.3e-17

## Solver scatter, by intensity over threshold
group                             pix%   modelMSE  scatterMSE    biasMSE  scatter%  biasOrth%     check
-------------------------------------------------------------------------------------------------------
<0.03x                            3.46     0.0147     0.00749    0.00719      51.0         30   3.4e-16
0.03-0.1x                         9.60     0.0321      0.0162     0.0159      50.5         43   2.2e-16
0.1-0.3x                         31.53     0.0778      0.0379     0.0399      48.7         54   6.0e-16
0.3-1x                           44.80      0.198      0.0891      0.109      45.0         50   0.0e+00
1-1.8x                            7.08       0.47       0.169      0.301      35.9         42   4.4e-16
1.8-3.2x                          2.36       0.86       0.262      0.598      30.5         39   3.6e-16
3.2-10x                           1.09       2.75       0.496       2.26      18.0         20   0.0e+00
10-32x                            0.07       16.7         1.3       15.4       7.8         12   1.5e-16
>=32x                             0.01   1.83e+03        2.32   1.83e+03       0.1         51   0.0e+00

Signed DEM error by logT bin (pred - ref, mean per pixel):
  bright -0.12 -0.12 -0.12 -0.11 -0.14 -0.18 -0.21 -0.40 -0.93 -0.62 -0.34 -0.27 -0.23 -0.24 -0.22 -0.14 -0.10 -0.03
  quiet  -0.03 -0.03 -0.03 -0.01 -0.01 -0.01 -0.04 -0.04 -0.10 -0.04 +0.00 +0.01 -0.02 -0.05 -0.04 -0.03 -0.02 -0.02
  logT    5.50  5.60  5.70  5.80  5.90  6.00  6.10  6.20  6.30  6.40  6.50  6.60  6.70  6.80  6.90  7.00  7.10  7.20
