# Bright-failure diagnostic: ENET track
model /home/hsr3649/projects/dem/output/experiments/matched_enet_alpha0p001/scaled_mlp6_enet_h232.pt
blocks 48,960   valid pixel-targets 802,160,640

Columns: pix% share of pixels | SSE% share of total DEM squared error | MSE per bin |
relSSE error energy / reference energy | orth% of SSE orthogonal to the reference curve
(temperature placement) vs along it (scale) | EMr, pkR aggregate predicted/reference emission
and peak height | wP, wR EM-weighted logT width (dex) | shift mean logT pred-ref (dex) |
refM%, modM% multi-peaked | p50 median per-pixel SSE | top1% SSE share of the worst 1%

## Population
group                             pix%    SSE%       MSE    relSSE   orth%     EMr     pkR     wP     wR   shift   refM%   modM%       p50   top1%
--------------------------------------------------------------------------------------------------------------------------------------------------
full                            100.00   100.0     0.588     0.176      47    0.98   0.918   0.29   0.26   +0.02    61.8    58.4      1.41    66.7
bright                           10.50    75.7      4.24     0.164      43    0.99   0.969   0.33   0.31   +0.01    61.5    54.2      8.91    80.3
quiet                            89.50    24.3     0.159      0.23      60   0.972   0.892   0.28   0.25   +0.02    61.8    58.9      1.12    11.4

## By intensity (max over channels of observed/threshold)
group                             pix%    SSE%       MSE    relSSE   orth%     EMr     pkR     wP     wR   shift   refM%   modM%       p50   top1%
--------------------------------------------------------------------------------------------------------------------------------------------------
<0.03x                            3.48     0.1    0.0146     0.696      10   0.629   0.505   0.27   0.17   +0.04    28.4    49.9    0.0309    21.8
0.03-0.1x                         9.65     0.5    0.0327      0.52      27   0.842   0.739   0.25   0.21   +0.03    41.6    48.2     0.155    15.4
0.1-0.3x                         31.63     4.6    0.0854      0.36      49   0.943   0.847   0.26   0.23   +0.02    55.6    53.7     0.589    11.4
0.3-1x                           44.74    19.0      0.25     0.208      64   0.985   0.917   0.31   0.28   +0.02    73.3    65.6      2.45     8.8
1-1.8x                            7.02     7.0     0.582     0.111      75   0.999   0.965   0.33   0.31   +0.01    66.1    58.2      6.76     8.3
1.8-3.2x                          2.33     4.0     0.999    0.0622      81       1   0.991   0.33   0.31   +0.00    54.6    48.1      11.7     9.0
3.2-10x                           1.06     5.2       2.9    0.0378      81   0.997   0.987   0.34   0.32   -0.01    47.6    41.2      29.5    11.6
10-32x                            0.07     8.5      71.8     0.129      55   0.929   0.886   0.38   0.34   -0.02    45.7    50.8       537     8.7
>=32x                             0.01    51.1  3.17e+03     0.389      30   0.724   0.618   0.38   0.26   -0.07    21.3    80.9  1.86e+04    31.6

## Bright, by channel with the largest observed/threshold
group                             pix%    SSE%       MSE    relSSE   orth%     EMr     pkR     wP     wR   shift   refM%   modM%       p50   top1%
--------------------------------------------------------------------------------------------------------------------------------------------------
94                                1.94    56.3        17      0.28      36   0.928   0.903   0.34   0.33   -0.03    79.6    82.0      13.5    87.2
131                               1.83    10.3      3.31     0.192      49    1.03   0.987   0.48   0.42   +0.07    85.7    77.9      10.7    72.4
171                               1.87     1.9     0.582    0.0889      75   0.988   0.926   0.30   0.29   -0.01    85.1    79.9      6.46     9.8
193                               0.86     0.6     0.402    0.0547      83   0.996   0.961   0.28   0.26   +0.01    53.0    29.5      4.27    12.0
211                               1.72     2.1     0.703    0.0337      83       1   0.987   0.28   0.26   -0.00    33.6    17.2       4.9    28.2
335                               2.27     4.6       1.2    0.0402      79    1.01    1.01   0.30   0.28   -0.00    31.5    27.5      12.3    12.8
quiet                            89.50    24.3     0.159      0.23      60   0.972   0.892   0.28   0.25   +0.02    61.8    58.9      1.12    11.4

## Bright, inclusive by trigger channel (overlapping)
group                             pix%    SSE%       MSE    relSSE   orth%     EMr     pkR     wP     wR   shift   refM%   modM%       p50   top1%
--------------------------------------------------------------------------------------------------------------------------------------------------
94                                5.05    70.1      8.16     0.174      40   0.975   0.966   0.33   0.32   -0.02    63.7    59.7      12.3    84.4
131                               5.03    69.6      8.14     0.175      41   0.989   0.971   0.39   0.36   +0.02    65.3    58.0      11.7    84.9
171                               5.00    63.9      7.51     0.175      40   0.985   0.962   0.34   0.32   -0.00    69.6    62.6      10.2    85.8
193                               5.00    67.1      7.88     0.167      40   0.983   0.969   0.31   0.30   -0.01    52.9    42.9      9.33    86.4
211                               5.00    66.9      7.87     0.162      40   0.984   0.974   0.30   0.29   -0.01    44.0    34.4      9.33    86.4
335                               5.01    69.8      8.18     0.166      41   0.987   0.979   0.31   0.30   -0.01    41.8    36.4      12.3    84.5

## By number of trigger channels
group                             pix%    SSE%       MSE    relSSE   orth%     EMr     pkR     wP     wR   shift   refM%   modM%       p50   top1%
--------------------------------------------------------------------------------------------------------------------------------------------------
0                                89.50    24.3     0.159      0.23      60   0.972   0.892   0.28   0.25   +0.02    61.8    58.9      1.12    11.4
1                                 3.75     4.3     0.672     0.152      71       1   0.969   0.33   0.31   +0.02    69.2    62.0      6.76    12.2
2                                 1.86     2.2     0.681     0.106      73       1   0.956   0.34   0.31   +0.01    64.4    56.0      6.76    18.2
3                                 1.28     2.6      1.19     0.118      65   0.998   0.963   0.33   0.31   +0.00    61.9    54.8      8.51    42.7
4                                 0.98     2.1      1.25     0.088      64   0.996   0.972   0.33   0.31   -0.00    58.7    52.8      8.91    39.7
5                                 0.91     4.9      3.16     0.127      48   0.987    0.97   0.33   0.31   -0.01    56.6    50.1      10.7    70.2
6                                 1.72    59.7      20.4     0.181      38   0.976   0.973   0.33   0.32   -0.02    45.4    37.8      18.6    87.1

## Top exact trigger patterns by SSE share
group                             pix%    SSE%       MSE    relSSE   orth%     EMr     pkR     wP     wR   shift   refM%   modM%       p50   top1%
--------------------------------------------------------------------------------------------------------------------------------------------------
94+131+171+193+211+335            1.72    59.7      20.4     0.181      38   0.976   0.973   0.33   0.32   -0.02    45.4    37.8      18.6    87.1
94+131+193+211+335                0.23     3.5      9.06     0.157      40   0.974   0.977   0.34   0.31   -0.02    31.7    25.2      14.1    77.7
335                               0.95     1.6         1     0.126      74    1.02    1.02   0.28   0.27   +0.01    42.5    37.7      10.2    11.8
94                                0.83     1.2     0.854     0.248      57   0.936   0.875   0.32   0.32   -0.03    88.8    90.4      10.2     8.1
94+131+335                        0.03     1.0      19.3     0.284      47   0.935   0.881   0.37   0.33   +0.01    36.5    40.2      20.4    33.4
131                               0.70     0.8     0.675     0.274      81    1.08    1.02   0.51   0.43   +0.11    85.3    77.9      8.51    10.4
94+131+211+335                    0.06     0.5      4.91    0.0932      53   0.986   0.996   0.34   0.31   -0.01    31.7    32.5      21.4    49.1
131+171                           0.48     0.5     0.606     0.226      78    1.04   0.911   0.45   0.38   +0.06    91.3    83.1      8.13     6.6
94+131+171+193+211                0.23     0.4      1.09    0.0996      75   0.989   0.949   0.35   0.34   -0.01    92.7    86.4      10.2    18.4
94+131+171                        0.21     0.4      1.18     0.241      74    1.01   0.951   0.48   0.45   +0.02    98.2    98.9      14.8     8.7
171                               0.66     0.4     0.333     0.163      69   0.983   0.898   0.28   0.27   -0.01    90.1    81.4      4.07     6.8
94+131                            0.08     0.3      2.56     0.307      61   0.974   0.944   0.45   0.43   +0.01    95.9    97.0      14.1    47.2

## By DEM shape (reference x model x Bright)
group                             pix%    SSE%       MSE    relSSE   orth%     EMr     pkR     wP     wR   shift   refM%   modM%       p50   top1%
--------------------------------------------------------------------------------------------------------------------------------------------------
ref uni / model uni / Quiet      24.69     4.9     0.117      0.15      58   0.972   0.915   0.22   0.19   +0.02     0.0     0.0     0.537    14.0
ref uni / model uni / Bright      3.54    14.6      2.42    0.0725      51   0.997    0.99   0.29   0.27   +0.00     0.0     0.0      7.08    68.1
ref uni / model multi / Quiet     9.47     2.2     0.138     0.311      43   0.917   0.708   0.29   0.19   +0.06     0.0   100.0     0.646    13.6
ref uni / model multi / Bright    0.50    33.8      39.6     0.349      33   0.934   0.885   0.34   0.29   +0.04     0.0   100.0      9.77    87.8
ref multi / model uni / Quiet    12.09     3.4     0.166     0.261      70   0.994   0.983   0.28   0.27   +0.01   100.0     0.0      1.29    11.1
ref multi / model uni / Bright    1.27     5.1      2.34     0.126      53   0.996    0.99   0.30   0.29   -0.01   100.0     0.0      8.91    62.7
ref multi / model multi / Quie   43.26    13.7     0.186      0.26      61   0.974   0.881   0.32   0.30   +0.02   100.0   100.0      1.55    10.1
ref multi / model multi / Brig    5.19    22.3      2.53      0.18      51   0.989   0.949   0.37   0.35   +0.01   100.0   100.0      9.77    66.6

## Regression-to-mean check, by reference peak height
group                             pix%    SSE%       MSE    relSSE   orth%     EMr     pkR     wP     wR   shift   refM%   modM%    gPkR    gEMr
------------------------------------------------------------------------------------------------------------------------------------------------
<=0                               0.32     0.0   0.00285         -     100       -       -      -      -       -     0.0    49.8       -       -
<0.001                            0.07     0.0   0.00205  1.22e+05      99     275     201   0.28   0.03   +0.58     1.4    50.3   0.671    1.57
0.001 to 0.0032                   0.12     0.0    0.0025  8.99e+03      98    73.4    52.3   0.22   0.02   +0.71     4.4    57.5   0.678    1.34
0.0032 to 0.01                    0.23     0.0   0.00252  1.03e+03      96      25    18.4   0.22   0.05   +0.63    12.9    58.3   0.404   0.749
0.01 to 0.032                     0.39     0.0   0.00351       114      92    8.53     6.3   0.27   0.10   +0.38    25.0    64.2   0.462   0.787
0.032 to 0.1                      1.33     0.0   0.00556      16.8      90    3.41    2.67   0.26   0.15   +0.21    35.0    63.3   0.561   0.849
0.1 to 0.32                       4.75     0.1   0.00934      2.51      82    1.54    1.32   0.24   0.18   +0.05    43.8    55.5   0.547   0.706
0.32 to 1                        17.19     1.0    0.0337     0.718      74    1.07       1   0.26   0.23   +0.02    55.4    55.2   0.704   0.799
1 to 3.2                         45.25    11.0     0.143     0.337      68   0.991   0.919   0.30   0.27   +0.02    69.7    63.4   0.839   0.935
3.2 to 10                        27.01    20.0     0.434     0.151      63   0.965   0.892   0.30   0.28   +0.00    62.1    55.8   0.843    0.94
10 to 32                          3.10     7.0      1.33    0.0467      76    0.99   0.961   0.30   0.28   -0.01    39.5    31.4   0.944   0.985
32 to 1e+02                       0.23    10.6      27.4     0.088      56   0.964   0.944   0.32   0.31   -0.02    30.0    25.5   0.944   0.977
1e+02 to 3.2e+02                  0.01    22.4  1.55e+03     0.347      36   0.764    0.64   0.37   0.26   -0.06    20.9    76.8   0.599   0.739
3.2e+02 to 1e+03                  0.00    18.1  1.98e+04     0.397      31   0.644   0.668   0.42   0.30   -0.05    28.0    81.9   0.654   0.653
1e+03 to 3.2e+03                  0.00     9.7  1.35e+05     0.478      14   0.465   0.507   0.44   0.32   -0.07    45.7    62.5   0.504   0.465

## Worst per-pixel SSE tail (bin-edge approximate)
group                             pix%    SSE%       MSE    relSSE   orth%     EMr     pkR     wP     wR   shift   refM%   modM%  bright%
-----------------------------------------------------------------------------------------------------------------------------------------
worst_0.1pct_approx               0.12    61.1       298     0.302      35   0.876   0.824   0.35   0.32   -0.03    48.9    52.3     99.9
worst_1pct_approx                 1.62    68.8        25     0.228      39   0.949   0.919   0.34   0.33   -0.01    64.5    58.3     78.9
remainder                        98.38    31.2     0.186     0.117      66   0.984   0.917   0.29   0.26   +0.02    61.8    58.4      9.4
  worst_0.1pct_approx: pixel SSE >= 178; dominant channel of Bright part: 94:66%, 131:14%, 171:1%, 193:0%, 211:6%, 335:13%
  worst_1pct_approx: pixel SSE >= 31.6; dominant channel of Bright part: 94:33%, 131:19%, 171:8%, 193:1%, 211:8%, 335:31%

## Solver scatter (repeated AIA inputs)
groups by number of targets: {'1': 17445, '2': 10338, '3': 3028, '4': 415, '5': 19}; evicted: 29946

## Solver scatter, population
group                             pix%   modelMSE  scatterMSE    biasMSE  scatter%  biasOrth%     check
-------------------------------------------------------------------------------------------------------
full                            100.00       0.58      0.0784      0.501      13.5         48   3.0e-16
bright                           10.61       4.11       0.233       3.88       5.7         44   5.4e-16
quiet                            89.39       0.16      0.0601        0.1      37.4         68   7.1e-16

## Solver scatter, by intensity over threshold
group                             pix%   modelMSE  scatterMSE    biasMSE  scatter%  biasOrth%     check
-------------------------------------------------------------------------------------------------------
<0.03x                            3.46     0.0147     0.00749    0.00725      50.8         16   3.4e-16
0.03-0.1x                         9.60     0.0329      0.0162     0.0167      49.4         40   7.2e-16
0.1-0.3x                         31.53     0.0859      0.0379      0.048      44.1         59   5.4e-16
0.3-1x                           44.80      0.252      0.0891      0.162      35.4         71   0.0e+00
1-1.8x                            7.08      0.584       0.169      0.415      28.9         78   1.8e-16
1.8-3.2x                          2.36          1       0.262      0.741      26.1         83   4.6e-16
3.2-10x                           1.09       2.89       0.496       2.39      17.2         82   8.1e-16
10-32x                            0.07       71.6         1.3       70.3       1.8         54   1.4e-16
>=32x                             0.01   3.01e+03        2.32      3e+03       0.1         33   2.0e-16

Signed DEM error by logT bin (pred - ref, mean per pixel):
  bright +0.30 +0.08 -0.00 -0.29 +0.03 +0.20 +0.04 -0.12 +0.03 -0.08 +0.27 -0.04 -0.23 -0.05 -0.91 -0.10 +0.32 +0.21
  quiet  +0.01 -0.01 +0.00 -0.05 -0.00 +0.06 -0.01 -0.02 +0.04 -0.10 +0.09 -0.02 -0.08 -0.05 -0.16 +0.03 +0.07 +0.06
  logT    5.50  5.60  5.70  5.80  5.90  6.00  6.10  6.20  6.30  6.40  6.50  6.60  6.70  6.80  6.90  7.00  7.10  7.20
